{
  "camera_angle_x": 1.1766349602539086,
  "camera_angle_y": 0.6843935615070382,
  "fl_x": 3021.9379025429976,
  "fl_y": 3183.511162652643,
  "k1": 0.04871695464445385,
  "k2": -0.0225950930776918,
  "k3": 0,
  "k4": 0,
  "p1": -0.007362959106452747,
  "p2": -0.0033878839696280566,
  "is_fisheye": false,
  "cx": 2020.7574720745658,
  "cy": 1073.6405597961173,
  "w": 4032.0,
  "h": 2268.0,
  "aabb_scale": 16,
  "frames": [
    {
      "file_path": "./images/20220823_095058(0).jpg",
      "sharpness": 1686.433920595251,
      "transform_matrix": [
        [
          0.07862860688444853,
          -0.02097497884954862,
          0.9966832959596917,
          3.99627228947395
        ],
        [
          0.9968283041589047,
          0.01397273520473285,
          -0.07834599350689248,
          -0.4337248435281905
        ],
        [
          -0.012283086220671225,
          0.9996823560194323,
          0.022007109299877838,
          0.014531523188752258
        ],
        [
          0.0,
          0.0,
          0.0,
          1.0
        ]
      ]
    },
    {
      "file_path": "./images/20220823_095105.jpg",
      "sharpness": 1490.858584097408,
      "transform_matrix": [
        [
          0.03182580838946749,
          0.01609685219408266,
          0.9993638022628204,
          3.958996856417281
        ],
        [
          0.9992710299147831,
          -0.021604192601146054,
          -0.03147487307524288,
          -0.12071979531823497
        ],
        [
          0.021083801682979915,
          0.9996370092262978,
          -0.01677268896450029,
          -0.07095892627400677
        ],
        [
          0.0,
          0.0,
          0.0,
          1.0
        ]
      ]
    },
    {
      "file_path": "./images/20220823_095102(0).jpg",
      "sharpness": 1568.8407358417141,
      "transform_matrix": [
        [
          -0.00954457178084083,
          -0.0005349140853035191,
          0.9999543064659728,
          3.9574525348612855
        ],
        [
          0.9991027542745945,
          -0.04126939809687748,
          0.009514367117259424,
          0.11187463154797056
        ],
        [
          0.04126242298324748,
          0.9991479122987956,
          0.0009283328684147065,
          0.00016101934775438796
        ],
        [
          0.0,
          0.0,
          0.0,
          1.0
        ]
      ]
    },
    {
      "file_path": "./images/20220823_095058.jpg",
      "sharpness": 1620.7594144159434,
      "transform_matrix": [
        [
          0.08235043120531134,
          -0.02259611083152761,
          0.99634723980096,
          4.008985974933554
        ],
        [
          0.9965679428727164,
          0.010304380184897724,
          -0.08213498029128087,
          -0.4667532393073766
        ],
        [
          -0.008410809637275429,
          0.9996915701993784,
          0.023367129839829123,
          0.04585790223474443
        ],
        [
          0.0,
          0.0,
          0.0,
          1.0
        ]
      ]
    },
    {
      "file_path": "./images/20220823_095103.jpg",
      "sharpness": 1510.7517402221285,
      "transform_matrix": [
        [
          -0.00486388750431266,
          0.02221458441137292,
          0.999741393982053,
          3.955459840457308
        ],
        [
          0.9997949139122373,
          -0.019546260688381188,
          0.005298472263381248,
          0.1144919917089006
        ],
        [
          0.019658909267085016,
          0.9995621321038203,
          -0.02211495769604649,
          -0.06736248161704743
        ],
        [
          0.0,
          0.0,
          0.0,
          1.0
        ]
      ]
    },
    {
      "file_path": "./images/20220823_095108.jpg",
      "sharpness": 1490.7766817056986,
      "transform_matrix": [
        [
          0.10898187731485648,
          0.015469784947147054,
          0.9939233552814932,
          3.9409585706580166
        ],
        [
          0.9939666029488685,
          0.010759953600198133,
          -0.10915409117760623,
          -0.4938361945837156
        ],
        [
          -0.012383159501600967,
          0.99982243881382,
          -0.01420380964909501,
          -0.16601950798475718
        ],
        [
          0.0,
          0.0,
          0.0,
          1.0
        ]
      ]
    },
    {
      "file_path": "./images/20220823_095100.jpg",
      "sharpness": 1782.3514328322115,
      "transform_matrix": [
        [
          0.05938675167051262,
          -0.023970933147268097,
          0.9979471970467563,
          3.975077871683141
        ],
        [
          0.9982010335533386,
          -0.006826938510962678,
          -0.05956584191980722,
          -0.2381361777998198
        ],
        [
          0.008240772965946188,
          0.9996893453858661,
          0.023522380540820554,
          0.028383025378259784
        ],
        [
          0.0,
          0.0,
          0.0,
          1.0
        ]
      ]
    },
    {
      "file_path": "./images/20220823_095055.jpg",
      "sharpness": 1662.5449004961479,
      "transform_matrix": [
        [
          0.0690394837210351,
          -0.0277763069064318,
          0.9972271689367351,
          4.02146346808135
        ],
        [
          0.997569466980786,
          0.011359534617237006,
          -0.06874677825870798,
          -0.1461479008109769
        ],
        [
          -0.009418504935043832,
          0.9995496174534427,
          0.02849305208062912,
          0.105446702774973
        ],
        [
          0.0,
          0.0,
          0.0,
          1.0
        ]
      ]
    },
    {
      "file_path": "./images/20220823_095053.jpg",
      "sharpness": 1527.2535482059789,
      "transform_matrix": [
        [
          0.06271658782081148,
          -0.016863906655973707,
          0.99788889074276,
          4.014039397681572
        ],
        [
          0.9979070427953944,
          0.016841628349806022,
          -0.06243311215916925,
          -0.050258188475861276
        ],
        [
          -0.01575320765659558,
          0.999715943761141,
          0.017884860684486328,
          0.12652912197858604
        ],
        [
          0.0,
          0.0,
          0.0,
          1.0
        ]
      ]
    },
    {
      "file_path": "./images/20220823_095054.jpg",
      "sharpness": 1689.4839958158004,
      "transform_matrix": [
        [
          0.06490758969636859,
          -0.025579835941610476,
          0.9975633698148759,
          4.015245656366782
        ],
        [
          0.997768415962831,
          0.017350199151384006,
          -0.06447603195321243,
          -0.06939608301726101
        ],
        [
          -0.015658636812884617,
          0.9995222071500018,
          0.02664891199571805,
          0.10949676223067278
        ],
        [
          0.0,
          0.0,
          0.0,
          1.0
        ]
      ]
    },
    {
      "file_path": "./images/20220823_095106.jpg",
      "sharpness": 1471.4647778899296,
      "transform_matrix": [
        [
          0.08845244420809104,
          0.016886664544553433,
          0.9959372498694771,
          3.962774455668558
        ],
        [
          0.9960430884855569,
          0.007154736281193242,
          -0.08858315657562223,
          -0.3849343364857521
        ],
        [
          -0.008621542424823157,
          0.9998318110125876,
          -0.016186991595440747,
          -0.08567401845996198
        ],
        [
          0.0,
          0.0,
          0.0,
          1.0
        ]
      ]
    },
    {
      "file_path": "./images/20220823_095038(0).jpg",
      "sharpness": 1046.201439515903,
      "transform_matrix": [
        [
          0.010630673965598681,
          0.04241012072824628,
          0.9990437279890485,
          4.069721645893573
        ],
        [
          0.9999433402694657,
          0.00010094841956057036,
          -0.010644531937172304,
          0.0057296160742742255
        ],
        [
          -0.0005522877699635411,
          0.999100280989169,
          -0.04240664463249824,
          0.22122719118010153
        ],
        [
          0.0,
          0.0,
          0.0,
          1.0
        ]
      ]
    },
    {
      "file_path": "./images/20220823_095105(0).jpg",
      "sharpness": 1487.420184551687,
      "transform_matrix": [
        [
          0.052802374860714686,
          0.0166142643398731,
          0.9984667623075474,
          3.962191702430742
        ],
        [
          0.9985744926019317,
          -0.00869161910494841,
          -0.052663445406950234,
          -0.25884837805449157
        ],
        [
          0.007803328383888715,
          0.9998241955369871,
          -0.01704951871326922,
          -0.07620284014515538
        ],
        [
          0.0,
          0.0,
          0.0,
          1.0
        ]
      ]
    },
    {
      "file_path": "./images/20220823_095048.jpg",
      "sharpness": 1178.20452310224,
      "transform_matrix": [
        [
          0.04528056692569921,
          0.0069796054105824195,
          0.9989499263579745,
          4.057496155535336
        ],
        [
          0.9985938039961005,
          0.027281025786908743,
          -0.045455035503375776,
          -0.31165842466986204
        ],
        [
          -0.02756963691254008,
          0.999603436740655,
          -0.0057344904033994675,
          0.17164546774027653
        ],
        [
          0.0,
          0.0,
          0.0,
          1.0
        ]
      ]
    },
    {
      "file_path": "./images/20220823_095108(0).jpg",
      "sharpness": 1647.4566320112501,
      "transform_matrix": [
        [
          0.07318399360724785,
          0.0073224194879393445,
          0.9972915748445585,
          3.9395039929131044
        ],
        [
          0.9973140924034027,
          -0.0034954588545189074,
          -0.07315998128057898,
          -0.3538515827591137
        ],
        [
          0.002950283593161316,
          0.9999670814300056,
          -0.007558563784274779,
          -0.15884267213662168
        ],
        [
          0.0,
          0.0,
          0.0,
          1.0
        ]
      ]
    },
    {
      "file_path": "./images/20220823_095050.jpg",
      "sharpness": 1297.8408773091778,
      "transform_matrix": [
        [
          0.05114261063008683,
          0.004434515981108521,
          0.9986815150233609,
          4.079598273098138
        ],
        [
          0.9986905595543321,
          0.0010393218628786324,
          -0.05114768877595592,
          -0.3938867002393552
        ],
        [
          -0.0012647667758902863,
          0.999989627386946,
          -0.0043755556131734015,
          0.10858284006674418
        ],
        [
          0.0,
          0.0,
          0.0,
          1.0
        ]
      ]
    },
    {
      "file_path": "./images/20220823_095110.jpg",
      "sharpness": 1599.4962136178408,
      "transform_matrix": [
        [
          0.011330717926394132,
          0.0013903874213338652,
          0.99993483870575,
          3.9190853036755593
        ],
        [
          0.9998342816053432,
          -0.014265309073413569,
          -0.011309742869268766,
          -0.12915565286194838
        ],
        [
          0.01424865460318751,
          0.99989727861579,
          -0.0015517932018061756,
          -0.13786978894473687
        ],
        [
          0.0,
          0.0,
          0.0,
          1.0
        ]
      ]
    },
    {
      "file_path": "./images/20220823_095045.jpg",
      "sharpness": 1250.8343976743006,
      "transform_matrix": [
        [
          0.03428421725574429,
          0.02715069325734806,
          0.9990432584759327,
          4.042690641015359
        ],
        [
          0.9992133536715904,
          0.019004701032307725,
          -0.03480653937189345,
          0.05712524572454311
        ],
        [
          -0.019931540119513726,
          0.9994506797224769,
          -0.026477773965111324,
          0.19649539648377376
        ],
        [
          0.0,
          0.0,
          0.0,
          1.0
        ]
      ]
    },
    {
      "file_path": "./images/20220823_095109.jpg",
      "sharpness": 1252.156795339391,
      "transform_matrix": [
        [
          0.043765002920094595,
          0.002399363276739357,
          0.9990389720019301,
          3.92723521015569
        ],
        [
          0.9989324386759852,
          -0.01490461543433987,
          -0.04372454001593649,
          -0.24262652769677315
        ],
        [
          0.014785380626000445,
          0.9998860412557146,
          -0.0030491023473096664,
          -0.1398571357645037
        ],
        [
          0.0,
          0.0,
          0.0,
          1.0
        ]
      ]
    },
    {
      "file_path": "./images/20220823_095046.jpg",
      "sharpness": 1277.1686682893267,
      "transform_matrix": [
        [
          0.03212103479171115,
          0.01931875066926295,
          0.9992972655821146,
          4.04038861783471
        ],
        [
          0.9993520802778688,
          0.015622144143831456,
          -0.03242480927695441,
          0.028505441303758036
        ],
        [
          -0.016237572731380302,
          0.999691319602372,
          -0.0188044342341323,
          0.1849001172093129
        ],
        [
          0.0,
          0.0,
          0.0,
          1.0
        ]
      ]
    },
    {
      "file_path": "./images/20220823_095111.jpg",
      "sharpness": 1782.4089457049963,
      "transform_matrix": [
        [
          -0.004649531649004586,
          0.0008427146506114916,
          0.9999888357831128,
          3.9190338108054594
        ],
        [
          0.999764673326772,
          -0.021185448118922964,
          0.004666342873689238,
          -0.034881815422912806
        ],
        [
          0.021189143995489747,
          0.9997752080459993,
          -0.0007440139258490574,
          -0.14722395546342681
        ],
        [
          0.0,
          0.0,
          0.0,
          1.0
        ]
      ]
    },
    {
      "file_path": "./images/20220823_095052(0).jpg",
      "sharpness": 1569.7409507822974,
      "transform_matrix": [
        [
          0.056001549896186074,
          -0.013491613373933986,
          0.9983395227983295,
          4.023588346017188
        ],
        [
          0.998286122150155,
          0.01777132726472112,
          -0.05575839174202802,
          -0.14117042416352277
        ],
        [
          -0.01698954771721883,
          0.999751047160853,
          0.014463712267150416,
          0.1526736204207378
        ],
        [
          0.0,
          0.0,
          0.0,
          1.0
        ]
      ]
    },
    {
      "file_path": "./images/20220823_095107.jpg",
      "sharpness": 1356.1362324035938,
      "transform_matrix": [
        [
          0.11882198394008713,
          0.02372142766051937,
          0.9926321725622695,
          3.9406057652357593
        ],
        [
          0.9921464382309486,
          0.03650506926601813,
          -0.11963621953040479,
          -0.5314805566565042
        ],
        [
          -0.03907404814223223,
          0.9990518874367986,
          -0.019197525209078876,
          -0.1221918207230876
        ],
        [
          0.0,
          0.0,
          0.0,
          1.0
        ]
      ]
    },
    {
      "file_path": "./images/20220823_095046(0).jpg",
      "sharpness": 1309.6107180896997,
      "transform_matrix": [
        [
          0.026402385137107,
          0.009015300988664618,
          0.9996107434449465,
          4.046597210921349
        ],
        [
          0.9996433479889661,
          0.0037744731082303955,
          -0.02643728757205515,
          -0.05123880775817789
        ],
        [
          -0.0040113439746171054,
          0.9999522377115035,
          -0.008912430570743833,
          0.18348405971360032
        ],
        [
          0.0,
          0.0,
          0.0,
          1.0
        ]
      ]
    },
    {
      "file_path": "./images/20220823_095102.jpg",
      "sharpness": 1712.4292426953248,
      "transform_matrix": [
        [
          0.02702742656599303,
          -0.020365225687240678,
          0.999427223863414,
          3.96232957754651
        ],
        [
          0.999353512560498,
          -0.023161399785736888,
          -0.027497390657325708,
          0.007110475250640246
        ],
        [
          0.02370812405519635,
          0.9995242904232371,
          0.0197260667927566,
          0.034604323204441366
        ],
        [
          0.0,
          0.0,
          0.0,
          1.0
        ]
      ]
    },
    {
      "file_path": "./images/20220823_095112.jpg",
      "sharpness": 1602.0962437158082,
      "transform_matrix": [
        [
          -0.03369152608438831,
          0.024109658757225854,
          0.9991414341463967,
          3.8586544676375234
        ],
        [
          0.9990576772019245,
          -0.026556390112676413,
          0.03432951744607349,
          0.10322540094192295
        ],
        [
          0.02736126265385577,
          0.9993565342269972,
          -0.023192214365936704,
          -0.18843640756512509
        ],
        [
          0.0,
          0.0,
          0.0,
          1.0
        ]
      ]
    },
    {
      "file_path": "./images/20220823_095049.jpg",
      "sharpness": 1223.1427746687723,
      "transform_matrix": [
        [
          0.054716024048475115,
          0.006520893310764488,
          0.9984806631408337,
          4.069843440668493
        ],
        [
          0.9983061299734337,
          0.01944639953839192,
          -0.05483346060992898,
          -0.3961078860499838
        ],
        [
          -0.019774417053292515,
          0.9997896356228275,
          -0.005445818100240085,
          0.15783663223486186
        ],
        [
          0.0,
          0.0,
          0.0,
          1.0
        ]
      ]
    },
    {
      "file_path": "./images/20220823_095101.jpg",
      "sharpness": 1777.4325622676934,
      "transform_matrix": [
        [
          0.046575914565487174,
          -0.0249414218537234,
          0.9986033294865915,
          3.9650256831111728
        ],
        [
          0.998844547314495,
          -0.010689228924777751,
          -0.046854142667394946,
          -0.1332319841311961
        ],
        [
          0.011842908531789478,
          0.9996317651336978,
          0.02441474260769078,
          0.035701972730879585
        ],
        [
          0.0,
          0.0,
          0.0,
          1.0
        ]
      ]
    },
    {
      "file_path": "./images/20220823_095111(0).jpg",
      "sharpness": 1894.8806199189307,
      "transform_matrix": [
        [
          -0.024054079366935866,
          -0.0003702130150349846,
          0.9997105902267595,
          3.895532761589224
        ],
        [
          0.9990214096839947,
          -0.0371360024916228,
          0.024023744752805665,
          0.0529243100720989
        ],
        [
          0.037116361066585266,
          0.9993101521873304,
          0.0012631230794677914,
          -0.1411834245943428
        ],
        [
          0.0,
          0.0,
          0.0,
          1.0
        ]
      ]
    },
    {
      "file_path": "./images/20220823_095051.jpg",
      "sharpness": 1170.3889636771946,
      "transform_matrix": [
        [
          0.0528654386143858,
          0.001693237882889711,
          0.9986002094677247,
          4.052499165862417
        ],
        [
          0.998595794083517,
          0.0033335404328993434,
          -0.052870857255143996,
          -0.30522817099476973
        ],
        [
          -0.0034183971129676813,
          0.9999930102041007,
          -0.0015146311511125767,
          0.12936334968431332
        ],
        [
          0.0,
          0.0,
          0.0,
          1.0
        ]
      ]
    },
    {
      "file_path": "./images/20220823_095052.jpg",
      "sharpness": 1441.3029500496145,
      "transform_matrix": [
        [
          0.05708409955769411,
          -0.009866543177969563,
          0.9983206182919432,
          4.030438544780289
        ],
        [
          0.9983082680263827,
          0.011627312245987011,
          -0.05696847900461846,
          -0.22623449008698093
        ],
        [
          -0.011045703592604908,
          0.9998837217092075,
          0.010513586281244595,
          0.14368607228373853
        ],
        [
          0.0,
          0.0,
          0.0,
          1.0
        ]
      ]
    },
    {
      "file_path": "./images/20220823_095113.jpg",
      "sharpness": 1487.3101876404157,
      "transform_matrix": [
        [
          0.007507114530534952,
          0.021337057058480283,
          0.9997441538868389,
          3.833446548600505
        ],
        [
          0.9999418487895114,
          -0.007900874256686086,
          -0.007339974481926657,
          -0.009540475225599719
        ],
        [
          0.0077422393943882796,
          0.9997411195831986,
          -0.021395129050720413,
          -0.17256919556625652
        ],
        [
          0.0,
          0.0,
          0.0,
          1.0
        ]
      ]
    },
    {
      "file_path": "./images/20220823_095047.jpg",
      "sharpness": 1080.1389858775372,
      "transform_matrix": [
        [
          0.03452332783771469,
          0.007419735583698143,
          0.999376349210987,
          4.047563226262636
        ],
        [
          0.9992663072295416,
          0.016335896361692883,
          -0.0346408101218328,
          -0.18553213945477856
        ],
        [
          -0.016582734118546768,
          0.999839030053004,
          -0.006850322271724064,
          0.1821992717341554
        ],
        [
          0.0,
          0.0,
          0.0,
          1.0
        ]
      ]
    },
    {
      "file_path": "./images/20220823_095049(0).jpg",
      "sharpness": 1402.425978850878,
      "transform_matrix": [
        [
          0.04572613940426808,
          0.005665426446403294,
          0.9989379475832142,
          4.091845477986003
        ],
        [
          0.9988985181875564,
          -0.010799678632836922,
          -0.04566308469795706,
          -0.4543348894438224
        ],
        [
          0.010529507960372242,
          0.9999256321787195,
          -0.006153013692899287,
          0.10879369098051582
        ],
        [
          0.0,
          0.0,
          0.0,
          1.0
        ]
      ]
    },
    {
      "file_path": "./images/20220823_095104.jpg",
      "sharpness": 1600.0796535517256,
      "transform_matrix": [
        [
          0.018048575496924405,
          0.01997986488604838,
          0.9996374612453607,
          3.9502573103418315
        ],
        [
          0.9996453088514689,
          -0.019943171254267648,
          -0.017650110809158282,
          -0.006986223166772262
        ],
        [
          0.01958329425260679,
          0.9996014580435855,
          -0.020332724036855248,
          -0.07971625690489499
        ],
        [
          0.0,
          0.0,
          0.0,
          1.0
        ]
      ]
    },
    {
      "file_path": "./images/20220823_095059.jpg",
      "sharpness": 1716.564728613903,
      "transform_matrix": [
        [
          0.07683850119366661,
          -0.022720703714157808,
          0.996784637903518,
          3.986416077113306
        ],
        [
          0.9970247631819368,
          0.007888499463636801,
          -0.07667720116316604,
          -0.3486024951425392
        ],
        [
          -0.006120975112204141,
          0.9997107287622505,
          0.023259244715387994,
          0.01701161192413519
        ],
        [
          0.0,
          0.0,
          0.0,
          1.0
        ]
      ]
    },
    {
      "file_path": "./images/20220823_095057.jpg",
      "sharpness": 1551.4966999361284,
      "transform_matrix": [
        [
          0.07941278509194137,
          -0.024450044375979536,
          0.9965419233014517,
          4.022807092267941
        ],
        [
          0.9967927390855663,
          0.011867711667620278,
          -0.0791415992134949,
          -0.3927916157056592
        ],
        [
          -0.009891656597681467,
          0.9996306081514265,
          0.025314074740490106,
          0.09018515814579614
        ],
        [
          0.0,
          0.0,
          0.0,
          1.0
        ]
      ]
    },
    {
      "file_path": "./images/20220823_095055(0).jpg",
      "sharpness": 1737.286559133675,
      "transform_matrix": [
        [
          0.06995358257787171,
          -0.03132275302962515,
          0.9970583641044135,
          4.025188141855905
        ],
        [
          0.9975489331333047,
          0.0038190414905740623,
          -0.06986802506655265,
          -0.21787616782200414
        ],
        [
          -0.0016193483672113703,
          0.9995020260450416,
          0.031513134501779706,
          0.1060604421380309
        ],
        [
          0.0,
          0.0,
          0.0,
          1.0
        ]
      ]
    },
    {
      "file_path": "./images/20220823_095056.jpg",
      "sharpness": 1659.9228183832272,
      "transform_matrix": [
        [
          0.08256317815476497,
          -0.033167823080402364,
          0.9960337429668207,
          4.010034186298653
        ],
        [
          0.9965837000057958,
          0.004815406550510302,
          -0.08244841261366306,
          -0.3190048104365914
        ],
        [
          -0.0020616730475817436,
          0.9994381958756954,
          0.03345208711552238,
          0.10217962188641551
        ],
        [
          0.0,
          0.0,
          0.0,
          1.0
        ]
      ]
    }
  ]
}