[
    {
        "file_path": "data/nerfstudio/test_img/images/20220819_104221.png",
        "transform": [
            [
                0.0645393431186676,
                -0.015932533890008926,
                0.9977879524230957,
                -0.0768020749092102
            ],
            [
                0.9978281855583191,
                0.014233052730560303,
                -0.06431467086076736,
                -1.0
            ],
            [
                -0.013176872394979,
                0.999771773815155,
                0.016816522926092148,
                0.38585183024406433
            ]
        ]
    },
    {
        "file_path": "data/nerfstudio/test_img/images/20220819_104222.png",
        "transform": [
            [
                0.0630764365196228,
                -0.011763695627450943,
                0.9979393482208252,
                0.03174144774675369
            ],
            [
                0.9974908232688904,
                0.03295231610536575,
                -0.06265964359045029,
                -0.5791653990745544
            ],
            [
                -0.032147303223609924,
                0.9993876814842224,
                0.01381269283592701,
                0.34885740280151367
            ]
        ]
    },
    {
        "file_path": "data/nerfstudio/test_img/images/20220819_104224.png",
        "transform": [
            [
                0.045646317303180695,
                -0.005954234395176172,
                0.9989399313926697,
                0.16638855636119843
            ],
            [
                0.9981376528739929,
                0.04078105464577675,
                -0.04536658152937889,
                -0.10287164896726608
            ],
            [
                -0.040467698127031326,
                0.9991503357887268,
                0.007804651279002428,
                0.2653687298297882
            ]
        ]
    },
    {
        "file_path": "data/nerfstudio/test_img/images/20220819_104225.png",
        "transform": [
            [
                0.035981081426143646,
                0.002875310368835926,
                0.9993483424186707,
                0.22200001776218414
            ],
            [
                0.9983928203582764,
                0.04371021315455437,
                -0.036072440445423126,
                0.29624977707862854
            ],
            [
                -0.043785449117422104,
                0.9990401268005371,
                -0.0012979484163224697,
                0.2595072090625763
            ]
        ]
    },
    {
        "file_path": "data/nerfstudio/test_img/images/20220819_104226.png",
        "transform": [
            [
                0.019819745793938637,
                0.0029353885911405087,
                0.9997992515563965,
                0.22220458090305328
            ],
            [
                0.9991519451141357,
                0.0360402837395668,
                -0.019912727177143097,
                0.6272323131561279
            ],
            [
                -0.036091502755880356,
                0.9993460178375244,
                -0.002218589885160327,
                0.29946982860565186
            ]
        ]
    },
    {
        "file_path": "data/nerfstudio/test_img/images/20220819_104228.png",
        "transform": [
            [
                0.019121428951621056,
                -0.022628415375947952,
                0.999561071395874,
                0.10577628761529922
            ],
            [
                0.9996951818466187,
                0.01605062372982502,
                -0.01876063458621502,
                0.43520089983940125
            ],
            [
                -0.01561905536800623,
                0.9996150732040405,
                0.022928427904844284,
                0.1564982831478119
            ]
        ]
    },
    {
        "file_path": "data/nerfstudio/test_img/images/20220819_104229.png",
        "transform": [
            [
                0.029935380443930626,
                -0.03264760598540306,
                0.9990185499191284,
                0.016603946685791016
            ],
            [
                0.9995426535606384,
                0.005260011181235313,
                -0.029779190197587013,
                -0.035697177052497864
            ],
            [
                -0.004282629583030939,
                0.999453067779541,
                0.032790135592222214,
                0.19706368446350098
            ]
        ]
    },
    {
        "file_path": "data/nerfstudio/test_img/images/20220819_104230.png",
        "transform": [
            [
                0.053937654942274094,
                -0.035494253039360046,
                0.9979132413864136,
                -0.013725535944104195
            ],
            [
                0.998496949672699,
                0.011649876832962036,
                -0.05355483666062355,
                -0.36711543798446655
            ],
            [
                -0.009724678471684456,
                0.9993019700050354,
                0.036069270223379135,
                0.23498372733592987
            ]
        ]
    },
    {
        "file_path": "data/nerfstudio/test_img/images/20220819_104231.png",
        "transform": [
            [
                0.06485619395971298,
                -0.03340291976928711,
                0.9973354339599609,
                -0.027081403881311417
            ],
            [
                0.9978747367858887,
                0.008476292714476585,
                -0.06460738182067871,
                -0.7261404991149902
            ],
            [
                -0.006295632570981979,
                0.9994060397148132,
                0.033881671726703644,
                0.2106630951166153
            ]
        ]
    },
    {
        "file_path": "data/nerfstudio/test_img/images/20220819_104234.png",
        "transform": [
            [
                0.05326472222805023,
                -0.021606137976050377,
                0.9983466267585754,
                0.07798279076814651
            ],
            [
                0.9985727667808533,
                -0.0027653342112898827,
                -0.05333663150668144,
                -0.6111058592796326
            ],
            [
                0.003913160879164934,
                0.9997627139091492,
                0.021428007632493973,
                0.025798752903938293
            ]
        ]
    },
    {
        "file_path": "data/nerfstudio/test_img/images/20220819_104235.png",
        "transform": [
            [
                0.034109171479940414,
                -0.01929682306945324,
                0.9992318153381348,
                0.1292594075202942
            ],
            [
                0.999412477016449,
                -0.0027057949919253588,
                -0.034167591482400894,
                -0.2035701423883438
            ],
            [
                0.0033630423713475466,
                0.9998101592063904,
                0.019193192943930626,
                0.0611865408718586
            ]
        ]
    },
    {
        "file_path": "data/nerfstudio/test_img/images/20220819_104237.png",
        "transform": [
            [
                0.030726812779903412,
                -0.013926887884736061,
                0.999430775642395,
                0.1892724186182022
            ],
            [
                0.999527633190155,
                0.0009911106899380684,
                -0.030715979635715485,
                0.07245180010795593
            ],
            [
                -0.0005627684877254069,
                0.9999025464057922,
                0.013950763270258904,
                0.01059090904891491
            ]
        ]
    },
    {
        "file_path": "data/nerfstudio/test_img/images/20220819_104238.png",
        "transform": [
            [
                0.02195306122303009,
                -0.011819020844995975,
                0.9996891617774963,
                0.18139876425266266
            ],
            [
                0.9997551441192627,
                0.003044969867914915,
                -0.021918511018157005,
                0.31198903918266296
            ],
            [
                -0.002784967888146639,
                0.9999254941940308,
                0.011882972903549671,
                0.052136361598968506
            ]
        ]
    },
    {
        "file_path": "data/nerfstudio/test_img/images/20220819_104239.png",
        "transform": [
            [
                0.005798583850264549,
                -0.013518424704670906,
                0.9998918175697327,
                0.14133116602897644
            ],
            [
                0.9999825358390808,
                0.001202600309625268,
                -0.00578285101801157,
                0.6460579037666321
            ],
            [
                -0.0011242951732128859,
                0.999907910823822,
                0.013525161892175674,
                0.1141638308763504
            ]
        ]
    },
    {
        "file_path": "data/nerfstudio/test_img/images/20220819_104240.png",
        "transform": [
            [
                0.011916037648916245,
                -0.009405645541846752,
                0.9998847842216492,
                0.03718696907162666
            ],
            [
                0.999926745891571,
                0.0022327073384076357,
                -0.01189553551375866,
                0.5602529048919678
            ],
            [
                -0.0021205649245530367,
                0.9999532699584961,
                0.009431561455130577,
                0.022847020998597145
            ]
        ]
    },
    {
        "file_path": "data/nerfstudio/test_img/images/20220819_104242.png",
        "transform": [
            [
                0.039765357971191406,
                -0.012549830600619316,
                0.9991302490234375,
                0.010435765609145164
            ],
            [
                0.9991641044616699,
                0.00998585857450962,
                -0.03964127600193024,
                0.22423285245895386
            ],
            [
                -0.009479681961238384,
                0.9998713731765747,
                0.012936430983245373,
                0.06982647627592087
            ]
        ]
    },
    {
        "file_path": "data/nerfstudio/test_img/images/20220819_104243.png",
        "transform": [
            [
                0.08753371983766556,
                -0.010140420868992805,
                0.9961099624633789,
                0.06513167172670364
            ],
            [
                0.9958992004394531,
                0.023838596418499947,
                -0.0872725173830986,
                -0.062132805585861206
            ],
            [
                -0.022860882803797722,
                0.9996643662452698,
                0.012185517698526382,
                0.04795260354876518
            ]
        ]
    },
    {
        "file_path": "data/nerfstudio/test_img/images/20220819_104244.png",
        "transform": [
            [
                0.10689106583595276,
                -0.006697371602058411,
                0.9942481517791748,
                0.07295974344015121
            ],
            [
                0.9937533140182495,
                0.03297603875398636,
                -0.10661572962999344,
                -0.23419195413589478
            ],
            [
                -0.03207232430577278,
                0.999433696269989,
                0.010180379264056683,
                0.049484606832265854
            ]
        ]
    },
    {
        "file_path": "data/nerfstudio/test_img/images/20220819_104247.png",
        "transform": [
            [
                0.10583655536174774,
                0.007872936315834522,
                0.994352400302887,
                -0.003620526287704706
            ],
            [
                0.9940119385719299,
                0.02649838663637638,
                -0.10601012408733368,
                -0.41863101720809937
            ],
            [
                -0.027183344587683678,
                0.999617874622345,
                -0.005021294578909874,
                -0.1000719666481018
            ]
        ]
    },
    {
        "file_path": "data/nerfstudio/test_img/images/20220819_104248.png",
        "transform": [
            [
                0.0766676515340805,
                0.006039086729288101,
                0.9970384240150452,
                0.054918818175792694
            ],
            [
                0.9969267845153809,
                0.015678439289331436,
                -0.07675403356552124,
                -0.10597116500139236
            ],
            [
                -0.01609553024172783,
                0.9998588562011719,
                -0.004818497691303492,
                -0.07212943583726883
            ]
        ]
    },
    {
        "file_path": "data/nerfstudio/test_img/images/20220819_104249.png",
        "transform": [
            [
                0.04027998447418213,
                0.008591549471020699,
                0.9991514682769775,
                0.09288070350885391
            ],
            [
                0.9991267323493958,
                0.010763900354504585,
                -0.040371544659137726,
                0.234802708029747
            ],
            [
                -0.011101621203124523,
                0.9999051690101624,
                -0.008150476962327957,
                -0.07091086357831955
            ]
        ]
    },
    {
        "file_path": "data/nerfstudio/test_img/images/20220819_104251.png",
        "transform": [
            [
                0.009632918052375317,
                0.0064148674719035625,
                0.9999330043792725,
                0.06773991882801056
            ],
            [
                0.9999361038208008,
                0.0058505781926214695,
                -0.009670481085777283,
                0.5530223250389099
            ],
            [
                -0.005912221036851406,
                0.999962329864502,
                -0.006358099170029163,
                -0.0039058271795511246
            ]
        ]
    },
    {
        "file_path": "data/nerfstudio/test_img/images/20220819_104252.png",
        "transform": [
            [
                -0.01667945459485054,
                0.003340113442391157,
                0.9998552799224854,
                -0.05386762693524361
            ],
            [
                0.9996885061264038,
                -0.01851385459303856,
                0.016738517209887505,
                0.7110244035720825
            ],
            [
                0.018567083403468132,
                0.9998230338096619,
                -0.0030302717350423336,
                0.08880677819252014
            ]
        ]
    },
    {
        "file_path": "data/nerfstudio/test_img/images/20220819_104253.png",
        "transform": [
            [
                -0.019347820430994034,
                0.03429729491472244,
                0.9992243647575378,
                -0.03446865454316139
            ],
            [
                0.9996160268783569,
                -0.019165348261594772,
                0.02001323364675045,
                0.6681127548217773
            ],
            [
                0.01983688212931156,
                0.9992278814315796,
                -0.03391331806778908,
                -0.13814109563827515
            ]
        ]
    },
    {
        "file_path": "data/nerfstudio/test_img/images/20220819_104254.png",
        "transform": [
            [
                0.01973475143313408,
                0.033966872841119766,
                0.9992281198501587,
                -0.05238061398267746
            ],
            [
                0.9996058940887451,
                -0.02062654122710228,
                -0.01904105395078659,
                0.2667102813720703
            ],
            [
                0.019963853061199188,
                0.9992100596427917,
                -0.03436054661870003,
                -0.0994119942188263
            ]
        ]
    },
    {
        "file_path": "data/nerfstudio/test_img/images/20220819_104256.png",
        "transform": [
            [
                0.06449542194604874,
                0.03004286251962185,
                0.9974656701087952,
                0.00704649044200778
            ],
            [
                0.9978984594345093,
                -0.008201106451451778,
                -0.06427638977766037,
                -0.0550345852971077
            ],
            [
                0.006249275058507919,
                0.9995149374008179,
                -0.030508659780025482,
                -0.10777589678764343
            ]
        ]
    },
    {
        "file_path": "data/nerfstudio/test_img/images/20220819_104257.png",
        "transform": [
            [
                0.08760064095258713,
                0.03315072879195213,
                0.9956039190292358,
                0.06014420837163925
            ],
            [
                0.9961555600166321,
                -0.0033803111873567104,
                -0.08753662556409836,
                -0.2488716095685959
            ],
            [
                0.000463547941762954,
                0.9994446635246277,
                -0.03331940248608589,
                -0.1603890061378479
            ]
        ]
    },
    {
        "file_path": "data/nerfstudio/test_img/images/20220819_104300.png",
        "transform": [
            [
                0.0835639014840126,
                0.023532303050160408,
                0.9962245225906372,
                -0.035330288112163544
            ],
            [
                0.996494710445404,
                -0.005908666178584099,
                -0.08344698697328568,
                -0.3463327884674072
            ],
            [
                0.003922658506780863,
                0.9997056126594543,
                -0.023943567648530006,
                -0.2315574437379837
            ]
        ]
    },
    {
        "file_path": "data/nerfstudio/test_img/images/20220819_104301.png",
        "transform": [
            [
                0.0459623858332634,
                0.009213706478476524,
                0.9989006519317627,
                -0.08887883275747299
            ],
            [
                0.9985752105712891,
                -0.027562802657485008,
                -0.04569317400455475,
                0.0533079132437706
            ],
            [
                0.02711150050163269,
                0.9995775818824768,
                -0.01046743057668209,
                -0.208268940448761
            ]
        ]
    },
    {
        "file_path": "data/nerfstudio/test_img/images/20220819_104302.png",
        "transform": [
            [
                0.009903516620397568,
                0.008131749927997589,
                0.9999178647994995,
                -0.10877644270658493
            ],
            [
                0.9992778897285461,
                -0.03676442429423332,
                -0.009598193690180779,
                0.31539982557296753
            ],
            [
                0.036683354526758194,
                0.9992908835411072,
                -0.008489974774420261,
                -0.18682031333446503
            ]
        ]
    },
    {
        "file_path": "data/nerfstudio/test_img/images/20220819_104303.png",
        "transform": [
            [
                0.001042718067765236,
                0.0012419918784871697,
                0.9999986886978149,
                -0.1346365511417389
            ],
            [
                0.9985691905021667,
                -0.05346636846661568,
                -0.0009748226148076355,
                0.5152000188827515
            ],
            [
                0.053465090692043304,
                0.9985688924789429,
                -0.001295965164899826,
                -0.150039941072464
            ]
        ]
    },
    {
        "file_path": "data/nerfstudio/test_img/images/20220819_104305.png",
        "transform": [
            [
                -0.01101735420525074,
                -0.0008393933530896902,
                0.99993896484375,
                -0.20635554194450378
            ],
            [
                0.9984520077705383,
                -0.0545303113758564,
                0.010955195873975754,
                0.7254424095153809
            ],
            [
                0.05451778694987297,
                0.998511791229248,
                0.0014388737035915256,
                -0.14072741568088531
            ]
        ]
    },
    {
        "file_path": "data/nerfstudio/test_img/images/20220819_104306.png",
        "transform": [
            [
                0.00022515242744702846,
                0.016784952953457832,
                0.999859094619751,
                -0.2386895716190338
            ],
            [
                0.9988582730293274,
                -0.04776846989989281,
                0.0005769774434156716,
                0.5969870686531067
            ],
            [
                0.04777142032980919,
                0.9987173676490784,
                -0.016776544973254204,
                -0.31007713079452515
            ]
        ]
    },
    {
        "file_path": "data/nerfstudio/test_img/images/20220819_104307.png",
        "transform": [
            [
                0.05652032047510147,
                0.015153125859797001,
                0.9982864260673523,
                -0.21143139898777008
            ],
            [
                0.9980670213699341,
                -0.026734385639429092,
                -0.05610209330916405,
                0.30622994899749756
            ],
            [
                0.025838453322649002,
                0.9995276927947998,
                -0.016634872183203697,
                -0.2624318599700928
            ]
        ]
    },
    {
        "file_path": "data/nerfstudio/test_img/images/20220819_104308.png",
        "transform": [
            [
                0.08521771430969238,
                0.012569411657750607,
                0.9962830543518066,
                -0.29228758811950684
            ],
            [
                0.9962824583053589,
                -0.01373920775949955,
                -0.08504432439804077,
                -0.04317285120487213
            ],
            [
                0.012619182467460632,
                0.9998266100883484,
                -0.013693507760763168,
                -0.24495597183704376
            ]
        ]
    },
    {
        "file_path": "data/nerfstudio/test_img/images/20220819_104311.png",
        "transform": [
            [
                0.13582885265350342,
                0.009508629329502583,
                0.9906866550445557,
                -0.2573753297328949
            ],
            [
                0.9907006621360779,
                0.006687023211270571,
                -0.13589495420455933,
                -0.6140722036361694
            ],
            [
                -0.007916918955743313,
                0.9999324083328247,
                -0.008511914871633053,
                -0.24942408502101898
            ]
        ]
    }
]