[
    {
        "file_path": "data/nerfstudio/test_img/images/20220819_104233.png",
        "transform": [
            [
                0.06346948444843292,
                -0.025865912437438965,
                0.9976485371589661,
                0.03662440553307533
            ],
            [
                0.997982382774353,
                -2.0416506231413223e-05,
                -0.06349125504493713,
                -0.849328875541687
            ],
            [
                0.0016626276774331927,
                0.9996654391288757,
                0.025812430307269096,
                0.1833520233631134
            ]
        ]
    },
    {
        "file_path": "data/nerfstudio/test_img/images/20220819_104246.png",
        "transform": [
            [
                0.11050045490264893,
                -0.006026663817465305,
                0.9938578009605408,
                0.08765754103660583
            ],
            [
                0.9936349391937256,
                0.022697091102600098,
                -0.11033803969621658,
                -0.5985850691795349
            ],
            [
                -0.021892711520195007,
                0.9997242093086243,
                0.008496343158185482,
                0.0425320640206337
            ]
        ]
    },
    {
        "file_path": "data/nerfstudio/test_img/images/20220819_104258.png",
        "transform": [
            [
                0.10096416622400284,
                0.03321041911840439,
                0.9943355917930603,
                0.04267140105366707
            ],
            [
                0.9948311448097229,
                -0.01424829289317131,
                -0.10053858906030655,
                -0.515866219997406
            ],
            [
                0.010828656144440174,
                0.9993467926979065,
                -0.03447732701897621,
                -0.14777831733226776
            ]
        ]
    },
    {
        "file_path": "data/nerfstudio/test_img/images/20220819_104310.png",
        "transform": [
            [
                0.10941597819328308,
                0.01064288429915905,
                0.9939390420913696,
                -0.28364014625549316
            ],
            [
                0.9938939809799194,
                -0.015499387867748737,
                -0.10924505442380905,
                -0.4020487666130066
            ],
            [
                0.014242764562368393,
                0.9998232126235962,
                -0.012273779138922691,
                -0.24212396144866943
            ]
        ]
    }
]