{
  "camera_angle_x": 1.1422637690897182,
  "camera_angle_y": 0.7012650345840388,
  "fl_x": 784.3544682713787,
  "fl_y": 775.129242964622,
  "k1": 0.07408818414304078,
  "k2": -0.05499556710150858,
  "k3": 0,
  "k4": 0,
  "p1": 0.009398570073198418,
  "p2": -0.00488970592463579,
  "is_fisheye": false,
  "cx": 499.59398093472714,
  "cy": 313.5965535830612,
  "w": 1008.0,
  "h": 567.0,
  "aabb_scale": 16,
  "frames": [
    {
      "file_path": "./images/20220819_104506.png",
      "sharpness": 3767.724384506078,
      "transform_matrix": [
        [
          0.19826473769540778,
          0.04122307435692064,
          0.9792812425085149,
          3.726121463727514
        ],
        [
          0.9796178125764975,
          -0.04120773117494003,
          -0.1965982303436435,
          -0.4102724958265369
        ],
        [
          0.032249574718057096,
          0.9982998452538498,
          -0.04855289794162738,
          -0.5306160932219434
        ],
        [
          0.0,
          0.0,
          0.0,
          1.0
        ]
      ]
    },
    {
      "file_path": "./images/20220819_104404.png",
      "sharpness": 4055.4634769006243,
      "transform_matrix": [
        [
          0.09191937772807765,
          -0.013523624393689712,
          0.9956746153152781,
          4.014470535819446
        ],
        [
          0.9956700642140099,
          0.015160514160132317,
          -0.09171304181232887,
          -0.6059921049757744
        ],
        [
          -0.013854646374898888,
          0.9997936139001612,
          0.014858612996108151,
          0.25241292471898746
        ],
        [
          0.0,
          0.0,
          0.0,
          1.0
        ]
      ]
    },
    {
      "file_path": "./images/20220819_104403.png",
      "sharpness": 4066.1527857738474,
      "transform_matrix": [
        [
          0.10444009438347245,
          -0.014632159000342872,
          0.9944235348230881,
          3.9740192279068465
        ],
        [
          0.9943338186026082,
          0.021455286645944743,
          -0.1041149742260748,
          -0.770127219797893
        ],
        [
          -0.019812215129910462,
          0.999662728423849,
          0.016790042695538264,
          0.24794328979867064
        ],
        [
          0.0,
          0.0,
          0.0,
          1.0
        ]
      ]
    },
    {
      "file_path": "./images/20220819_104402.png",
      "sharpness": 4027.7659585892125,
      "transform_matrix": [
        [
          0.11396603156461224,
          -0.016178918707444763,
          0.9933529011588769,
          3.9662323299999396
        ],
        [
          0.9934661460322627,
          0.007957887622659142,
          -0.11384941243760761,
          -0.8008956112726701
        ],
        [
          -0.006063030368346385,
          0.9998374440957536,
          0.016980136887245926,
          0.3012845590657318
        ],
        [
          0.0,
          0.0,
          0.0,
          1.0
        ]
      ]
    },
    {
      "file_path": "./images/20220819_104401.png",
      "sharpness": 4077.8694521633365,
      "transform_matrix": [
        [
          0.09107651331095862,
          -0.012492969320753028,
          0.9957655318610678,
          4.0256189080802525
        ],
        [
          0.9958295255968854,
          -0.0042295608432831,
          -0.09113543089575618,
          -0.6980951745862536
        ],
        [
          0.0053502030448648276,
          0.9999130144840148,
          0.012055654057539042,
          0.2893596663603664
        ],
        [
          0.0,
          0.0,
          0.0,
          1.0
        ]
      ]
    },
    {
      "file_path": "./images/20220819_104400.png",
      "sharpness": 4147.933011036556,
      "transform_matrix": [
        [
          0.06766142454745905,
          -0.011847319891648956,
          0.9976379967911603,
          4.056113958825474
        ],
        [
          0.9977050718673225,
          -0.001755903702910007,
          -0.06768682569309309,
          -0.5002323404827814
        ],
        [
          0.0025536637291656695,
          0.9999282763355867,
          0.011701324198025621,
          0.2855450814985234
        ],
        [
          0.0,
          0.0,
          0.0,
          1.0
        ]
      ]
    },
    {
      "file_path": "./images/20220819_104359.png",
      "sharpness": 4155.738969817475,
      "transform_matrix": [
        [
          0.043647765634596325,
          -0.01676539566217595,
          0.9989062989416393,
          4.006891843253061
        ],
        [
          0.9989579335479479,
          -0.01261708814518358,
          -0.04386178391664574,
          -0.34378161745868724
        ],
        [
          0.013338648984337195,
          0.999779841063478,
          0.016197217299448893,
          0.31598998765970815
        ],
        [
          0.0,
          0.0,
          0.0,
          1.0
        ]
      ]
    },
    {
      "file_path": "./images/20220819_104357.png",
      "sharpness": 4143.721072208238,
      "transform_matrix": [
        [
          0.024801026574153683,
          -0.020980447191813908,
          0.9994722256863297,
          3.9888889798129696
        ],
        [
          0.999426775856858,
          -0.02252571667584248,
          -0.02527274794329677,
          -0.14459992928583784
        ],
        [
          0.023044061734800312,
          0.9995260941695101,
          0.02040975979507011,
          0.3196968253825766
        ],
        [
          0.0,
          0.0,
          0.0,
          1.0
        ]
      ]
    },
    {
      "file_path": "./images/20220819_104356.png",
      "sharpness": 4275.763520172466,
      "transform_matrix": [
        [
          0.005360528604554962,
          -0.02054572337222306,
          0.9997745435777396,
          4.036830758586588
        ],
        [
          0.9994176955089128,
          -0.03358099061999419,
          -0.006048716610498297,
          -0.09992590908853113
        ],
        [
          0.03369769482822932,
          0.9992247946893512,
          0.020353747644442904,
          0.3936023566742939
        ],
        [
          0.0,
          0.0,
          0.0,
          1.0
        ]
      ]
    },
    {
      "file_path": "./images/20220819_104355.png",
      "sharpness": 4208.081265189587,
      "transform_matrix": [
        [
          0.013983694751556076,
          -0.0337378858720711,
          0.9993328831474847,
          3.9995280035855236
        ],
        [
          0.9995067500949265,
          -0.027634712986864575,
          -0.014919086862550196,
          -0.2269294327217543
        ],
        [
          0.02811961585400085,
          0.9990485862543931,
          0.03333480927211203,
          0.3944550794272406
        ],
        [
          0.0,
          0.0,
          0.0,
          1.0
        ]
      ]
    },
    {
      "file_path": "./images/20220819_104353.png",
      "sharpness": 4238.956889779864,
      "transform_matrix": [
        [
          0.02028128864529303,
          -0.03449273778601722,
          0.9991991394976264,
          4.02243317217533
        ],
        [
          0.999724129272605,
          -0.011142025622336993,
          -0.020676571649171104,
          -0.40758139958986594
        ],
        [
          0.011846293978308282,
          0.9993428372220129,
          0.03425724761161437,
          0.3828520217993869
        ],
        [
          0.0,
          0.0,
          0.0,
          1.0
        ]
      ]
    },
    {
      "file_path": "./images/20220819_104351.png",
      "sharpness": 4439.587151619438,
      "transform_matrix": [
        [
          0.00414317662928768,
          -0.031740799129209435,
          0.9994875465757158,
          4.096587159005869
        ],
        [
          0.9992107940792966,
          0.03961656195997881,
          -0.0028839233507707077,
          -0.8282241811903381
        ],
        [
          -0.039504722285363204,
          0.9987106936901163,
          0.03187988751625401,
          0.3437097575136759
        ],
        [
          0.0,
          0.0,
          0.0,
          1.0
        ]
      ]
    },
    {
      "file_path": "./images/20220819_104507.png",
      "sharpness": 3756.204426865071,
      "transform_matrix": [
        [
          0.21164931943574933,
          0.031964784798781995,
          0.9768228181799591,
          3.692169390571665
        ],
        [
          0.9768598646376895,
          -0.038427892107113774,
          -0.21039986209177766,
          -0.6601687713694016
        ],
        [
          0.030811855551329186,
          0.9987499935633816,
          -0.039358352563532206,
          -0.5023610636023786
        ],
        [
          0.0,
          0.0,
          0.0,
          1.0
        ]
      ]
    },
    {
      "file_path": "./images/20220819_104407.png",
      "sharpness": 4082.809199749291,
      "transform_matrix": [
        [
          0.07762787731039415,
          -0.015431613172961814,
          0.9968629685072308,
          4.096290788115913
        ],
        [
          0.9969822655091376,
          0.0006756924936713449,
          -0.07762670738812694,
          -0.2692979155846622
        ],
        [
          0.0005243324952649912,
          0.9998806972616383,
          0.015437497235638285,
          0.2636623193054255
        ],
        [
          0.0,
          0.0,
          0.0,
          1.0
        ]
      ]
    },
    {
      "file_path": "./images/20220819_104408.png",
      "sharpness": 3985.30630320453,
      "transform_matrix": [
        [
          0.08496601449257497,
          -0.02204268689870151,
          0.9961399983623884,
          4.059350034588266
        ],
        [
          0.996294675018234,
          -0.011495897349550432,
          -0.08523359005955419,
          -0.08091304272918409
        ],
        [
          0.013330300505890376,
          0.9996909343893742,
          0.020984250999463345,
          0.2888912024337152
        ],
        [
          0.0,
          0.0,
          0.0,
          1.0
        ]
      ]
    },
    {
      "file_path": "./images/20220819_104409.png",
      "sharpness": 3930.9665766217313,
      "transform_matrix": [
        [
          0.09418503742453337,
          -0.020483949759002692,
          0.9953439538820215,
          4.005902092547757
        ],
        [
          0.9955465971276122,
          -0.0020981245351596937,
          -0.09424739158760288,
          -0.10794711793858332
        ],
        [
          0.004018914404760233,
          0.9997879803626326,
          0.020195114540442646,
          0.21575052501464792
        ],
        [
          0.0,
          0.0,
          0.0,
          1.0
        ]
      ]
    },
    {
      "file_path": "./images/20220819_104411.png",
      "sharpness": 3903.6742708776515,
      "transform_matrix": [
        [
          0.10709680484778936,
          -0.024058437440176505,
          0.9939574769481927,
          3.97195548275971
        ],
        [
          0.9942198484362156,
          0.010193832688182662,
          -0.10687833620801802,
          -0.3335365055396279
        ],
        [
          -0.00756091045380731,
          0.9996585803988021,
          0.025011102935441665,
          0.19585739137605374
        ],
        [
          0.0,
          0.0,
          0.0,
          1.0
        ]
      ]
    },
    {
      "file_path": "./images/20220819_104352.png",
      "sharpness": 4315.65094400213,
      "transform_matrix": [
        [
          0.020724990197740253,
          -0.033706927952388,
          0.9992168522353903,
          4.042919665310595
        ],
        [
          0.9995610090452838,
          0.021863324392168832,
          -0.019994605344874922,
          -0.6477815992169368
        ],
        [
          -0.021172245456748038,
          0.9991925930752392,
          0.03414524809962323,
          0.36950411495692354
        ],
        [
          0.0,
          0.0,
          0.0,
          1.0
        ]
      ]
    },
    {
      "file_path": "./images/20220819_104415.png",
      "sharpness": 3967.4103110480037,
      "transform_matrix": [
        [
          0.13460489797942612,
          -0.004455257335830074,
          0.9908893339439604,
          3.999444383306773
        ],
        [
          0.9902814914529678,
          0.03591278668270223,
          -0.1343608553052873,
          -0.7725099889535688
        ],
        [
          -0.03498698508984707,
          0.9993449967036598,
          0.0092459958669145,
          0.07908343334048239
        ],
        [
          0.0,
          0.0,
          0.0,
          1.0
        ]
      ]
    },
    {
      "file_path": "./images/20220819_104424.png",
      "sharpness": 3848.7042751020817,
      "transform_matrix": [
        [
          0.15731899869949842,
          -0.033260616084142186,
          0.9869875703714694,
          3.9619980101708654
        ],
        [
          0.987349130164363,
          0.025345633974889807,
          -0.15652250318113073,
          -0.6822430318193685
        ],
        [
          -0.019809790809564562,
          0.9991252825637029,
          0.03682719011774215,
          0.05554807440759344
        ],
        [
          0.0,
          0.0,
          0.0,
          1.0
        ]
      ]
    },
    {
      "file_path": "./images/20220819_104423.png",
      "sharpness": 3771.519126118575,
      "transform_matrix": [
        [
          0.15944198933482348,
          -0.03025493136970632,
          0.9867435792376124,
          3.978059803875757
        ],
        [
          0.9871125813886757,
          0.018731577216130772,
          -0.15892727795813133,
          -0.5775487551711804
        ],
        [
          -0.013674929659613103,
          0.9993666830271536,
          0.032851623338806674,
          0.06192832945387812
        ],
        [
          0.0,
          0.0,
          0.0,
          1.0
        ]
      ]
    },
    {
      "file_path": "./images/20220819_104422.png",
      "sharpness": 3786.649862839085,
      "transform_matrix": [
        [
          0.13912675891809848,
          -0.02173448766416997,
          0.9900360382333601,
          4.0152416125167765
        ],
        [
          0.9902744479254925,
          0.0025360555180254803,
          -0.13910458730132,
          -0.34119293576324455
        ],
        [
          0.0005125805789241854,
          0.999760561569755,
          0.021875940957238483,
          0.06066793533015373
        ],
        [
          0.0,
          0.0,
          0.0,
          1.0
        ]
      ]
    },
    {
      "file_path": "./images/20220819_104421.png",
      "sharpness": 3827.9868342189675,
      "transform_matrix": [
        [
          0.12783884419291283,
          -0.018109848721996964,
          0.9916295998489418,
          4.062241654654948
        ],
        [
          0.9917694592694287,
          0.009503099251393898,
          -0.12768332218830816,
          -0.10344190022281465
        ],
        [
          -0.007111228858832261,
          0.9997908403690096,
          0.01917566009901471,
          0.036696264260476404
        ],
        [
          0.0,
          0.0,
          0.0,
          1.0
        ]
      ]
    },
    {
      "file_path": "./images/20220819_104420.png",
      "sharpness": 3873.3778127244886,
      "transform_matrix": [
        [
          0.12081848336489179,
          -0.011540632838741013,
          0.9926075296273824,
          4.101727787962738
        ],
        [
          0.9926745076330045,
          0.0018727376862977651,
          -0.12080486227437545,
          -0.07457228115832426
        ],
        [
          -0.00046472896779289365,
          0.9999316509887693,
          0.011682353347969182,
          0.10544462837453192
        ],
        [
          0.0,
          0.0,
          0.0,
          1.0
        ]
      ]
    },
    {
      "file_path": "./images/20220819_104419.png",
      "sharpness": 3982.4275791164205,
      "transform_matrix": [
        [
          0.11320976527197674,
          -0.00798620619524552,
          0.9935390126006914,
          4.132703429253172
        ],
        [
          0.9935101874297096,
          0.011983313890890808,
          -0.1131101571989709,
          -0.17936919112013458
        ],
        [
          -0.0110025688126722,
          0.9998963049740132,
          0.009291005366658747,
          0.0944951873562798
        ],
        [
          0.0,
          0.0,
          0.0,
          1.0
        ]
      ]
    },
    {
      "file_path": "./images/20220819_104417.png",
      "sharpness": 3976.3272568644893,
      "transform_matrix": [
        [
          0.1196287456137386,
          -0.009128924640228337,
          0.9927767251299167,
          4.077289381797518
        ],
        [
          0.9926889787807847,
          0.01726374553415901,
          -0.1194594261550539,
          -0.3437910304029668
        ],
        [
          -0.016048508655944205,
          0.9998092947292151,
          0.011127423101321128,
          0.10722584101354316
        ],
        [
          0.0,
          0.0,
          0.0,
          1.0
        ]
      ]
    },
    {
      "file_path": "./images/20220819_104416.png",
      "sharpness": 3997.759203228591,
      "transform_matrix": [
        [
          0.11974637965184604,
          -0.007565203594671977,
          0.9927756908067065,
          4.043920078603095
        ],
        [
          0.992571499689116,
          0.022576177779528216,
          -0.11954971435251037,
          -0.5500318407720194
        ],
        [
          -0.021508662562084526,
          0.9997165017610361,
          0.010212421032891902,
          0.10301011762008573
        ],
        [
          0.0,
          0.0,
          0.0,
          1.0
        ]
      ]
    },
    {
      "file_path": "./images/20220819_104414.png",
      "sharpness": 3920.4200334773664,
      "transform_matrix": [
        [
          0.14856808552716605,
          -0.012383426957975844,
          0.988824643049239,
          3.982890642965473
        ],
        [
          0.9888046686424287,
          0.015902078891268323,
          -0.14836593664946565,
          -0.8882658271270271
        ],
        [
          -0.013887088743848927,
          0.9997968666812265,
          0.01460733180661661,
          0.19120226534146761
        ],
        [
          0.0,
          0.0,
          0.0,
          1.0
        ]
      ]
    },
    {
      "file_path": "./images/20220819_104413.png",
      "sharpness": 3839.21090937019,
      "transform_matrix": [
        [
          0.15141239708733578,
          -0.014653580263662654,
          0.988362058456115,
          3.968590952348148
        ],
        [
          0.9882211654507704,
          0.02470903708122801,
          -0.15102447365125804,
          -0.8163843521317872
        ],
        [
          -0.022208425505644894,
          0.9995872828692149,
          0.01822223270037161,
          0.17330086694184968
        ],
        [
          0.0,
          0.0,
          0.0,
          1.0
        ]
      ]
    },
    {
      "file_path": "./images/20220819_104412.png",
      "sharpness": 3834.5242482327494,
      "transform_matrix": [
        [
          0.12990393250636853,
          -0.021956194416392148,
          0.9912834578706617,
          3.9351372187242237
        ],
        [
          0.9913491138188273,
          0.021790801997152533,
          -0.12942988634371552,
          -0.6022848739307541
        ],
        [
          -0.018759073805658142,
          0.9995214287232445,
          0.024596964749421874,
          0.1996359089763482
        ],
        [
          0.0,
          0.0,
          0.0,
          1.0
        ]
      ]
    },
    {
      "file_path": "./images/20220819_104406.png",
      "sharpness": 4023.71062416412,
      "transform_matrix": [
        [
          0.07794744530530655,
          -0.013868852795119579,
          0.9968609986825694,
          4.1094213648185045
        ],
        [
          0.9969528341680407,
          -0.001964748112824026,
          -0.07798196079328039,
          -0.4308445879637157
        ],
        [
          0.0030401011008262357,
          0.9999018925319056,
          0.013673445004690655,
          0.21547993575315516
        ],
        [
          0.0,
          0.0,
          0.0,
          1.0
        ]
      ]
    },
    {
      "file_path": "./images/20220819_104425.png",
      "sharpness": 3865.5439857717492,
      "transform_matrix": [
        [
          0.15290699783590625,
          -0.033332899400390165,
          0.9876782714185118,
          3.936626484015258
        ],
        [
          0.9881827516507179,
          0.01596932960258845,
          -0.15244615394315522,
          -0.8661773268654074
        ],
        [
          -0.01069108754423346,
          0.9993167157270477,
          0.03538081849695788,
          0.031052153279396158
        ],
        [
          0.0,
          0.0,
          0.0,
          1.0
        ]
      ]
    },
    {
      "file_path": "./images/20220819_104427.png",
      "sharpness": 3886.519138314178,
      "transform_matrix": [
        [
          0.1456808929789836,
          -0.007326409565925939,
          0.9893045037528153,
          3.9566862684768105
        ],
        [
          0.9889876008336871,
          0.027447416098182246,
          -0.1454309621324187,
          -0.8536024769201496
        ],
        [
          -0.02608836557016047,
          0.9995964000907017,
          0.011244292306478882,
          -0.10066259968660193
        ],
        [
          0.0,
          0.0,
          0.0,
          1.0
        ]
      ]
    },
    {
      "file_path": "./images/20220819_104428.png",
      "sharpness": 3886.0660433953226,
      "transform_matrix": [
        [
          0.1421473204814676,
          -0.014072404241143179,
          0.9897454757263094,
          3.943071168380845
        ],
        [
          0.9893794119295627,
          0.0327013991024105,
          -0.1416297911692952,
          -0.6513884245959981
        ],
        [
          -0.0303729901376082,
          0.9993660920491061,
          0.01857136329093994,
          -0.05733830359521859
        ],
        [
          0.0,
          0.0,
          0.0,
          1.0
        ]
      ]
    },
    {
      "file_path": "./images/20220819_104429.png",
      "sharpness": 3886.2046265342515,
      "transform_matrix": [
        [
          0.12920838809130442,
          -0.018938109445998226,
          0.9914366043572045,
          3.9190847228562102
        ],
        [
          0.9913094035155002,
          0.02738682656332653,
          -0.12866867619018116,
          -0.43251616495184975
        ],
        [
          -0.0247155608601028,
          0.9994455011371488,
          0.022312133693807194,
          -0.015121759789815416
        ],
        [
          0.0,
          0.0,
          0.0,
          1.0
        ]
      ]
    },
    {
      "file_path": "./images/20220819_104431.png",
      "sharpness": 3908.432453378215,
      "transform_matrix": [
        [
          0.11658098781945367,
          -0.025650124904687828,
          0.9928499102952572,
          4.013628566919094
        ],
        [
          0.9929860469898971,
          0.02282595568342271,
          -0.11600726800729674,
          -0.26305276452136706
        ],
        [
          -0.019687147138451003,
          0.9994103495768881,
          0.02813128859539946,
          -0.04547713652116004
        ],
        [
          0.0,
          0.0,
          0.0,
          1.0
        ]
      ]
    },
    {
      "file_path": "./images/20220819_104432.png",
      "sharpness": 3912.1929004353346,
      "transform_matrix": [
        [
          0.1142783562110377,
          -0.026866353330671132,
          0.9930854224900799,
          4.022380929298799
        ],
        [
          0.9933961272500036,
          0.013381008341980668,
          -0.11395210827556967,
          -0.13146739090829299
        ],
        [
          -0.010227006718932823,
          0.999549472350593,
          0.028218090989786563,
          -0.044340003306604044
        ],
        [
          0.0,
          0.0,
          0.0,
          1.0
        ]
      ]
    },
    {
      "file_path": "./images/20220819_104433.png",
      "sharpness": 3900.1881205281543,
      "transform_matrix": [
        [
          0.11516236707425839,
          -0.004184561065956652,
          0.9933378673243182,
          4.0306883937472655
        ],
        [
          0.9932818126509025,
          0.011913119997386812,
          -0.11510568286954925,
          -0.13305938684441956
        ],
        [
          -0.011352086452376644,
          0.9999202803336368,
          0.00552839149888046,
          -0.17662809278063
        ],
        [
          0.0,
          0.0,
          0.0,
          1.0
        ]
      ]
    },
    {
      "file_path": "./images/20220819_104434.png",
      "sharpness": 3861.084496863705,
      "transform_matrix": [
        [
          0.12778973530733984,
          -0.00539085990955629,
          0.9917866313786455,
          4.033950309166155
        ],
        [
          0.9917430538245822,
          0.011530264793781442,
          -0.12772144762911838,
          -0.36243125858571856
        ],
        [
          -0.010747034047113996,
          0.9999189925314483,
          0.006819797355464627,
          -0.18724545770133666
        ],
        [
          0.0,
          0.0,
          0.0,
          1.0
        ]
      ]
    },
    {
      "file_path": "./images/20220819_104435.png",
      "sharpness": 3789.4548734835357,
      "transform_matrix": [
        [
          0.14580149052888192,
          -0.0073112149076028305,
          0.9892868499570875,
          3.9930518923310134
        ],
        [
          0.9891961159787092,
          0.016505156840556024,
          -0.1456661385851403,
          -0.5922297090204788
        ],
        [
          -0.015263338174884743,
          0.999837049691663,
          0.009638701858452288,
          -0.15658435783372715
        ],
        [
          0.0,
          0.0,
          0.0,
          1.0
        ]
      ]
    },
    {
      "file_path": "./images/20220819_104437.png",
      "sharpness": 3792.1269180980494,
      "transform_matrix": [
        [
          0.16935958136172266,
          -0.011500831378841081,
          0.9854872211654819,
          3.922052147956883
        ],
        [
          0.985546010779885,
          0.0060841808018726835,
          -0.1692986809748546,
          -0.8116674688249628
        ],
        [
          -0.004048806848953891,
          0.9999153532291878,
          0.012365012799603033,
          -0.14136444761865527
        ],
        [
          0.0,
          0.0,
          0.0,
          1.0
        ]
      ]
    },
    {
      "file_path": "./images/20220819_104438.png",
      "sharpness": 3856.0856029657143,
      "transform_matrix": [
        [
          0.15668606905163818,
          -0.015981126286964614,
          0.9875191539254472,
          3.9219839195769826
        ],
        [
          0.98763068042255,
          -0.003463811529444699,
          -0.1567598197810265,
          -0.9171369221404484
        ],
        [
          0.005925778707556815,
          0.9998662938684223,
          0.015240719616229026,
          -0.12237893725165203
        ],
        [
          0.0,
          0.0,
          0.0,
          1.0
        ]
      ]
    },
    {
      "file_path": "./images/20220819_104439.png",
      "sharpness": 3826.072307177266,
      "transform_matrix": [
        [
          0.1626301522086819,
          0.005233191372796344,
          0.9866732221472934,
          3.8484306622154723
        ],
        [
          0.9866866408559697,
          -0.0018274127206528968,
          -0.16262267160242883,
          -0.9842507288141382
        ],
        [
          0.0009520236352286009,
          0.9999846370183344,
          -0.005460712425488835,
          -0.28110896471356384
        ],
        [
          0.0,
          0.0,
          0.0,
          1.0
        ]
      ]
    },
    {
      "file_path": "./images/20220819_104440.png",
      "sharpness": 3865.1560955578393,
      "transform_matrix": [
        [
          0.15984568119495693,
          0.011513707829098687,
          0.987074866834949,
          3.924426220485733
        ],
        [
          0.9871411626575175,
          -0.0005501992527424455,
          -0.15984999927415508,
          -0.7744264302367505
        ],
        [
          -0.00129737833399084,
          0.9999335637004564,
          -0.011453601907263121,
          -0.25972555626868665
        ],
        [
          0.0,
          0.0,
          0.0,
          1.0
        ]
      ]
    },
    {
      "file_path": "./images/20220819_104442.png",
      "sharpness": 3940.5290826894084,
      "transform_matrix": [
        [
          0.14135063939626974,
          0.012672612916536378,
          0.9898784782113506,
          3.9450756523973065
        ],
        [
          0.9899423440165429,
          0.0040933634159184065,
          -0.14141216319319147,
          -0.5754347750757544
        ],
        [
          -0.005843993954752727,
          0.9999113206978401,
          -0.011966556599289083,
          -0.2435667786112269
        ],
        [
          0.0,
          0.0,
          0.0,
          1.0
        ]
      ]
    },
    {
      "file_path": "./images/20220819_104443.png",
      "sharpness": 3949.6644883224435,
      "transform_matrix": [
        [
          0.1349261505854108,
          0.013352089417262675,
          0.9907656915730794,
          3.9637904231306855
        ],
        [
          0.9907309961548811,
          0.01404276266628009,
          -0.1351106734298074,
          -0.3604030707719918
        ],
        [
          -0.015717097257514995,
          0.999812243637163,
          -0.01133359293896811,
          -0.20650998627534276
        ],
        [
          0.0,
          0.0,
          0.0,
          1.0
        ]
      ]
    },
    {
      "file_path": "./images/20220819_104444.png",
      "sharpness": 3968.025216093284,
      "transform_matrix": [
        [
          0.12072139924730903,
          0.012936594683708395,
          0.9926021299008213,
          3.948596965099952
        ],
        [
          0.9926541344672809,
          0.006492193097199099,
          -0.12081233692716328,
          -0.19391119517201508
        ],
        [
          -0.008007064931625577,
          0.9998952424872638,
          -0.012057817563833093,
          -0.2002750972693307
        ],
        [
          0.0,
          0.0,
          0.0,
          1.0
        ]
      ]
    },
    {
      "file_path": "./images/20220819_104448.png",
      "sharpness": 3900.667240044163,
      "transform_matrix": [
        [
          0.1304505442069058,
          0.055831610545963944,
          0.989881551894898,
          3.822156269667453
        ],
        [
          0.9913858071413352,
          0.004434303836238015,
          -0.13089888597009555,
          -0.2710618555954039
        ],
        [
          -0.01169773118537172,
          0.9984303522105173,
          -0.05477220893649526,
          -0.25250898412560313
        ],
        [
          0.0,
          0.0,
          0.0,
          1.0
        ]
      ]
    },
    {
      "file_path": "./images/20220819_104449.png",
      "sharpness": 3872.0974835032716,
      "transform_matrix": [
        [
          0.14233040588082088,
          0.04804536832085919,
          0.9886524658071711,
          3.8197865319170905
        ],
        [
          0.9897571734958601,
          0.004273763948380331,
          -0.14269713541343335,
          -0.474979953767041
        ],
        [
          -0.011081203695113947,
          0.9988360113284425,
          -0.046944961391409454,
          -0.2781063251875217
        ],
        [
          0.0,
          0.0,
          0.0,
          1.0
        ]
      ]
    },
    {
      "file_path": "./images/20220819_104451.png",
      "sharpness": 3915.8955935741487,
      "transform_matrix": [
        [
          0.14715074583261795,
          0.05366589828558834,
          0.9876571416053199,
          3.85993807119866
        ],
        [
          0.988753812306495,
          0.018966808218579267,
          -0.14834472971889753,
          -0.6088910999549492
        ],
        [
          -0.026693756766835757,
          0.9983788016324696,
          -0.05027138154529999,
          -0.3175941892348392
        ],
        [
          0.0,
          0.0,
          0.0,
          1.0
        ]
      ]
    },
    {
      "file_path": "./images/20220819_104452.png",
      "sharpness": 3870.237374312757,
      "transform_matrix": [
        [
          0.16081387817219758,
          0.054273144697968456,
          0.9854914116082882,
          3.8646309873039777
        ],
        [
          0.9867484288897025,
          0.013007938061855046,
          -0.16173537532365365,
          -0.8354831301083463
        ],
        [
          -0.021597098670411624,
          0.9984413950322061,
          -0.0514620832948733,
          -0.35806883825540464
        ],
        [
          0.0,
          0.0,
          0.0,
          1.0
        ]
      ]
    },
    {
      "file_path": "./images/20220819_104454.png",
      "sharpness": 4097.038774649409,
      "transform_matrix": [
        [
          0.16292986891091063,
          0.06831411238790598,
          0.9842698003429811,
          3.8682317271416586
        ],
        [
          0.98655077125509,
          0.0019585828522330445,
          -0.1634433837425008,
          -0.9406899260042875
        ],
        [
          -0.013093263638967472,
          0.9976619397389827,
          -0.06707622861653016,
          -0.3783220156259226
        ],
        [
          0.0,
          0.0,
          0.0,
          1.0
        ]
      ]
    },
    {
      "file_path": "./images/20220819_104455.png",
      "sharpness": 3967.5701718701876,
      "transform_matrix": [
        [
          0.17283056501321206,
          0.06734800315988079,
          0.9826463464896597,
          3.77587909193586
        ],
        [
          0.9846836808031966,
          -0.03508129984760821,
          -0.1707845167480677,
          -0.9341550493604398
        ],
        [
          0.02297051495175286,
          0.9971126059143283,
          -0.07237960052027687,
          -0.5375684964914561
        ],
        [
          0.0,
          0.0,
          0.0,
          1.0
        ]
      ]
    },
    {
      "file_path": "./images/20220819_104456.png",
      "sharpness": 3930.6450258488835,
      "transform_matrix": [
        [
          0.16817227459724876,
          0.03903119601583836,
          0.984984594699961,
          3.7940566022887943
        ],
        [
          0.9851884548765563,
          -0.040605427618617115,
          -0.1665980420828923,
          -0.6368083397562949
        ],
        [
          0.0334931998291499,
          0.9984126226101938,
          -0.045281790818444696,
          -0.5175518453017923
        ],
        [
          0.0,
          0.0,
          0.0,
          1.0
        ]
      ]
    },
    {
      "file_path": "./images/20220819_104457.png",
      "sharpness": 3770.36799480899,
      "transform_matrix": [
        [
          0.17110096953302567,
          0.02913903676118332,
          0.9848225092692462,
          3.7604557946642623
        ],
        [
          0.9845092901976119,
          -0.04389985132933388,
          -0.1697476378859421,
          -0.5027702073271239
        ],
        [
          0.03828727908221893,
          0.9986108949895225,
          -0.036198959523599535,
          -0.5075127547382385
        ],
        [
          0.0,
          0.0,
          0.0,
          1.0
        ]
      ]
    },
    {
      "file_path": "./images/20220819_104459.png",
      "sharpness": 3852.4312728480877,
      "transform_matrix": [
        [
          0.16709467143479706,
          0.0268060390662199,
          0.9855763831634581,
          3.7868241192224152
        ],
        [
          0.9850370153816519,
          -0.04733210254389648,
          -0.16571587249500797,
          -0.2543380690717321
        ],
        [
          0.04220721628074147,
          0.9985194581680599,
          -0.034313882838883834,
          -0.48228655898000566
        ],
        [
          0.0,
          0.0,
          0.0,
          1.0
        ]
      ]
    },
    {
      "file_path": "./images/20220819_104500.png",
      "sharpness": 3881.100357611164,
      "transform_matrix": [
        [
          0.15687710751990358,
          0.021215794725127066,
          0.9873902284265605,
          3.779309236095704
        ],
        [
          0.985837754938532,
          -0.06336794180091758,
          -0.1552688793341119,
          -0.08787296830771733
        ],
        [
          0.05927473385857595,
          0.9977646987180774,
          -0.030856310860273666,
          -0.44652866731618945
        ],
        [
          0.0,
          0.0,
          0.0,
          1.0
        ]
      ]
    },
    {
      "file_path": "./images/20220819_104502.png",
      "sharpness": 3873.4745722089833,
      "transform_matrix": [
        [
          0.15941899508005203,
          0.024202447095232876,
          0.9869142949436667,
          3.7561780940237934
        ],
        [
          0.9855558801020147,
          -0.061766468523386145,
          -0.15768484569702193,
          0.034950901488313146
        ],
        [
          0.05714185159821564,
          0.9977971461788366,
          -0.03369961238920667,
          -0.4289550272144639
        ],
        [
          0.0,
          0.0,
          0.0,
          1.0
        ]
      ]
    },
    {
      "file_path": "./images/20220819_104503.png",
      "sharpness": 3896.9450750274905,
      "transform_matrix": [
        [
          0.15039370055843482,
          0.05099106821507756,
          0.9873103087664541,
          3.7983274891005023
        ],
        [
          0.9882374929476394,
          -0.035755391089251735,
          -0.1486882965825457,
          0.1061892338436163
        ],
        [
          0.02771989114257016,
          0.9980588474494998,
          -0.05576867099641708,
          -0.5639035824864594
        ],
        [
          0.0,
          0.0,
          0.0,
          1.0
        ]
      ]
    },
    {
      "file_path": "./images/20220819_104504.png",
      "sharpness": 3749.224429075823,
      "transform_matrix": [
        [
          0.1750730911345827,
          0.05235487227591165,
          0.9831624383139546,
          3.803802225130772
        ],
        [
          0.9842105837533931,
          -0.03573422133711494,
          -0.17335683503466298,
          -0.10914489208691146
        ],
        [
          0.026056469224652382,
          0.9979889943162131,
          -0.05778431999378551,
          -0.5679472679989287
        ],
        [
          0.0,
          0.0,
          0.0,
          1.0
        ]
      ]
    }
  ]
}