{
    "camera_type": "perspective",
    "render_height": 2268,
    "render_width": 4032,
    "seconds": 36,
    "camera_path": [
        {
            "camera_to_world": [
                [
                    0.010630673728883266,
                    0.042410120368003845,
                    0.9990437030792236,
                    0.2352302372455597
                ],
                [
                    0.9999433159828186,
                    0.00010094879689859226,
                    -0.010644531808793545,
                    0.568138599395752
                ],
                [
                    -0.0005522881983779371,
                    0.9991002678871155,
                    -0.04240664467215538,
                    0.5707048773765564
                ],
                [
                    0,
                    0,
                    0,
                    1
                ]
            ],
            "fov": 50,
            "aspect": 1,
            "file_path": "data/nerfstudio/10_img/images/20220823_095038(0).jpg"
        },
        {
            "camera_to_world": [
                [
                    0.03428421542048454,
                    0.02715069241821766,
                    0.9990432858467102,
                    0.1563258022069931
                ],
                [
                    0.9992133378982544,
                    0.01900470070540905,
                    -0.03480653837323189,
                    0.7181645631790161
                ],
                [
                    -0.01993153989315033,
                    0.99945068359375,
                    -0.02647777460515499,
                    0.49851176142692566
                ],
                [
                    0,
                    0,
                    0,
                    1
                ]
            ],
            "fov": 50,
            "aspect": 1,
            "file_path": "data/nerfstudio/10_img/images/20220823_095045.jpg"
        },
        {
            "camera_to_world": [
                [
                    0.03212103620171547,
                    0.019318750128149986,
                    0.9992972612380981,
                    0.1496056765317917
                ],
                [
                    0.9993520975112915,
                    0.015622144564986229,
                    -0.03242480754852295,
                    0.6346222162246704
                ],
                [
                    -0.016237571835517883,
                    0.9996913075447083,
                    -0.018804434686899185,
                    0.46466466784477234
                ],
                [
                    0,
                    0,
                    0,
                    1
                ]
            ],
            "fov": 50,
            "aspect": 1,
            "file_path": "data/nerfstudio/10_img/images/20220823_095046.jpg"
        },
        {
            "camera_to_world": [
                [
                    0.026402385905385017,
                    0.009015301242470741,
                    0.9996107220649719,
                    0.16772830486297607
                ],
                [
                    0.9996433258056641,
                    0.003774473676458001,
                    -0.026437288150191307,
                    0.40184545516967773
                ],
                [
                    -0.004011344630271196,
                    0.9999522566795349,
                    -0.00891243014484644,
                    0.4605311453342438
                ],
                [
                    0,
                    0,
                    0,
                    1
                ]
            ],
            "fov": 50,
            "aspect": 1,
            "file_path": "data/nerfstudio/10_img/images/20220823_095046(0).jpg"
        },
        {
            "camera_to_world": [
                [
                    0.03452332690358162,
                    0.007419735658913851,
                    0.9993763566017151,
                    0.17054831981658936
                ],
                [
                    0.9992663264274597,
                    0.016335897147655487,
                    -0.03464081138372421,
                    0.009837696328759193
                ],
                [
                    -0.016582734882831573,
                    0.9998390078544617,
                    -0.006850322242826223,
                    0.4567807912826538
                ],
                [
                    0,
                    0,
                    0,
                    1
                ]
            ],
            "fov": 50,
            "aspect": 1,
            "file_path": "data/nerfstudio/10_img/images/20220823_095047.jpg"
        },
        {
            "camera_to_world": [
                [
                    0.045280568301677704,
                    0.006979605183005333,
                    0.9989499449729919,
                    0.19954313337802887
                ],
                [
                    0.998593807220459,
                    0.027281025424599648,
                    -0.04545503482222557,
                    -0.358330100774765
                ],
                [
                    -0.027569636702537537,
                    0.9996034502983093,
                    -0.005734490230679512,
                    0.4259737730026245
                ],
                [
                    0,
                    0,
                    0,
                    1
                ]
            ],
            "fov": 50,
            "aspect": 1,
            "file_path": "data/nerfstudio/10_img/images/20220823_095048.jpg"
        },
        {
            "camera_to_world": [
                [
                    0.05471602454781532,
                    0.006520893424749374,
                    0.9984806776046753,
                    0.23558518290519714
                ],
                [
                    0.998306155204773,
                    0.019446399062871933,
                    -0.054833460599184036,
                    -0.6048415899276733
                ],
                [
                    -0.019774416461586952,
                    0.9997896552085876,
                    -0.005445817951112986,
                    0.38566523790359497
                ],
                [
                    0,
                    0,
                    0,
                    1
                ]
            ],
            "fov": 50,
            "aspect": 1,
            "file_path": "data/nerfstudio/10_img/images/20220823_095049.jpg"
        },
        {
            "camera_to_world": [
                [
                    0.04572613909840584,
                    0.005665426608175039,
                    0.9989379644393921,
                    0.2998105585575104
                ],
                [
                    0.9988985061645508,
                    -0.010799678973853588,
                    -0.04566308483481407,
                    -0.7748085856437683
                ],
                [
                    0.010529507882893085,
                    0.9999256134033203,
                    -0.0061530135571956635,
                    0.24250687658786774
                ],
                [
                    0,
                    0,
                    0,
                    1
                ]
            ],
            "fov": 50,
            "aspect": 1,
            "file_path": "data/nerfstudio/10_img/images/20220823_095049(0).jpg"
        },
        {
            "camera_to_world": [
                [
                    0.0511426106095314,
                    0.004434516187757254,
                    0.9986814856529236,
                    0.2640608251094818
                ],
                [
                    0.9986905455589294,
                    0.0010393222328275442,
                    -0.051147688180208206,
                    -0.5983577966690063
                ],
                [
                    -0.0012647671392187476,
                    0.9999896287918091,
                    -0.00437555555254221,
                    0.24189138412475586
                ],
                [
                    0,
                    0,
                    0,
                    1
                ]
            ],
            "fov": 50,
            "aspect": 1,
            "file_path": "data/nerfstudio/10_img/images/20220823_095050.jpg"
        },
        {
            "camera_to_world": [
                [
                    0.05286543816328049,
                    0.0016932381549850106,
                    0.99860018491745,
                    0.1849573403596878
                ],
                [
                    0.9985957741737366,
                    0.003333540866151452,
                    -0.05287085846066475,
                    -0.33955997228622437
                ],
                [
                    -0.0034183976240456104,
                    0.9999930262565613,
                    -0.0015146314399316907,
                    0.3025505244731903
                ],
                [
                    0,
                    0,
                    0,
                    1
                ]
            ],
            "fov": 50,
            "aspect": 1,
            "file_path": "data/nerfstudio/10_img/images/20220823_095051.jpg"
        },
        {
            "camera_to_world": [
                [
                    0.0570840984582901,
                    -0.009866543114185333,
                    0.9983206391334534,
                    0.12056074291467667
                ],
                [
                    0.9983082413673401,
                    0.011627311818301678,
                    -0.056968480348587036,
                    -0.1089741587638855
                ],
                [
                    -0.011045703664422035,
                    0.9998837113380432,
                    0.01051358599215746,
                    0.3443591594696045
                ],
                [
                    0,
                    0,
                    0,
                    1
                ]
            ],
            "fov": 50,
            "aspect": 1,
            "file_path": "data/nerfstudio/10_img/images/20220823_095052.jpg"
        },
        {
            "camera_to_world": [
                [
                    0.05600155144929886,
                    -0.013491613790392876,
                    0.9983395338058472,
                    0.10056460648775101
                ],
                [
                    0.9982861280441284,
                    0.01777132786810398,
                    -0.055758390575647354,
                    0.13933135569095612
                ],
                [
                    -0.01698954775929451,
                    0.9997510313987732,
                    0.014463712461292744,
                    0.37059417366981506
                ],
                [
                    0,
                    0,
                    0,
                    1
                ]
            ],
            "fov": 50,
            "aspect": 1,
            "file_path": "data/nerfstudio/10_img/images/20220823_095052(0).jpg"
        },
        {
            "camera_to_world": [
                [
                    0.06490758806467056,
                    -0.02557983621954918,
                    0.997563362121582,
                    0.07621179521083832
                ],
                [
                    0.9977684020996094,
                    0.017350198701024055,
                    -0.06447603553533554,
                    0.34884360432624817
                ],
                [
                    -0.015658637508749962,
                    0.9995222091674805,
                    0.026648912578821182,
                    0.2445591539144516
                ],
                [
                    0,
                    0,
                    0,
                    1
                ]
            ],
            "fov": 50,
            "aspect": 1,
            "file_path": "data/nerfstudio/10_img/images/20220823_095054.jpg"
        },
        {
            "camera_to_world": [
                [
                    0.069039486348629,
                    -0.027776306495070457,
                    0.9972271919250488,
                    0.09436226636171341
                ],
                [
                    0.9975694417953491,
                    0.011359534226357937,
                    -0.06874677538871765,
                    0.1248018890619278
                ],
                [
                    -0.009418505243957043,
                    0.9995496273040771,
                    0.02849305234849453,
                    0.23273685574531555
                ],
                [
                    0,
                    0,
                    0,
                    1
                ]
            ],
            "fov": 50,
            "aspect": 1,
            "file_path": "data/nerfstudio/10_img/images/20220823_095055.jpg"
        },
        {
            "camera_to_world": [
                [
                    0.06995358318090439,
                    -0.03132275119423866,
                    0.9970583915710449,
                    0.10523445159196854
                ],
                [
                    0.9975489377975464,
                    0.003819041885435581,
                    -0.06986802816390991,
                    -0.08457585424184799
                ],
                [
                    -0.001619348768144846,
                    0.9995020031929016,
                    0.03151313588023186,
                    0.23452842235565186
                ],
                [
                    0,
                    0,
                    0,
                    1
                ]
            ],
            "fov": 50,
            "aspect": 1,
            "file_path": "data/nerfstudio/10_img/images/20220823_095055(0).jpg"
        },
        {
            "camera_to_world": [
                [
                    0.08256317675113678,
                    -0.033167824149131775,
                    0.9960337281227112,
                    0.060999639332294464
                ],
                [
                    0.9965837001800537,
                    0.00481540709733963,
                    -0.08244841545820236,
                    -0.3797745108604431
                ],
                [
                    -0.002061673440039158,
                    0.9994381666183472,
                    0.03345208615064621,
                    0.22320011258125305
                ],
                [
                    0,
                    0,
                    0,
                    1
                ]
            ],
            "fov": 50,
            "aspect": 1,
            "file_path": "data/nerfstudio/10_img/images/20220823_095056.jpg"
        },
        {
            "camera_to_world": [
                [
                    0.0794127881526947,
                    -0.024450045078992844,
                    0.9965419173240662,
                    0.09828466176986694
                ],
                [
                    0.996792733669281,
                    0.011867711320519447,
                    -0.07914160192012787,
                    -0.5951612591743469
                ],
                [
                    -0.00989165622740984,
                    0.9996306300163269,
                    0.025314074009656906,
                    0.18818777799606323
                ],
                [
                    0,
                    0,
                    0,
                    1
                ]
            ],
            "fov": 50,
            "aspect": 1,
            "file_path": "data/nerfstudio/10_img/images/20220823_095057.jpg"
        },
        {
            "camera_to_world": [
                [
                    0.08235043287277222,
                    -0.02259611152112484,
                    0.9963472485542297,
                    0.05794022977352142
                ],
                [
                    0.996567964553833,
                    0.01030438020825386,
                    -0.08213497698307037,
                    -0.8110582828521729
                ],
                [
                    -0.008410809561610222,
                    0.9996915459632874,
                    0.023367129266262054,
                    0.05879470705986023
                ],
                [
                    0,
                    0,
                    0,
                    1
                ]
            ],
            "fov": 50,
            "aspect": 1,
            "file_path": "data/nerfstudio/10_img/images/20220823_095058.jpg"
        },
        {
            "camera_to_world": [
                [
                    0.07862860709428787,
                    -0.020974978804588318,
                    0.9966832995414734,
                    0.020828500390052795
                ],
                [
                    0.9968283176422119,
                    0.013972735032439232,
                    -0.07834599167108536,
                    -0.7146470546722412
                ],
                [
                    -0.012283085845410824,
                    0.9996823668479919,
                    0.022007109597325325,
                    -0.03264828771352768
                ],
                [
                    0,
                    0,
                    0,
                    1
                ]
            ],
            "fov": 50,
            "aspect": 1,
            "file_path": "data/nerfstudio/10_img/images/20220823_095058(0).jpg"
        },
        {
            "camera_to_world": [
                [
                    0.07683850079774857,
                    -0.0227207038551569,
                    0.9967846274375916,
                    -0.007942222990095615
                ],
                [
                    0.9970247745513916,
                    0.007888499647378922,
                    -0.07667720317840576,
                    -0.46617141366004944
                ],
                [
                    -0.006120975594967604,
                    0.999710738658905,
                    0.023259244859218597,
                    -0.025408800691366196
                ],
                [
                    0,
                    0,
                    0,
                    1
                ]
            ],
            "fov": 50,
            "aspect": 1,
            "file_path": "data/nerfstudio/10_img/images/20220823_095059.jpg"
        },
        {
            "camera_to_world": [
                [
                    0.05938675254583359,
                    -0.023970933631062508,
                    0.9979472160339355,
                    -0.04103899374604225
                ],
                [
                    0.9982010126113892,
                    -0.006826938129961491,
                    -0.059565842151641846,
                    -0.14371564984321594
                ],
                [
                    0.008240773342549801,
                    0.9996893405914307,
                    0.023522380739450455,
                    0.0077848234213888645
                ],
                [
                    0,
                    0,
                    0,
                    1
                ]
            ],
            "fov": 50,
            "aspect": 1,
            "file_path": "data/nerfstudio/10_img/images/20220823_095100.jpg"
        },
        {
            "camera_to_world": [
                [
                    0.046575915068387985,
                    -0.024941422045230865,
                    0.998603343963623,
                    -0.07038179039955139
                ],
                [
                    0.998844563961029,
                    -0.010689228773117065,
                    -0.04685414209961891,
                    0.16250400245189667
                ],
                [
                    0.011842908337712288,
                    0.9996317625045776,
                    0.02441474236547947,
                    0.029149126261472702
                ],
                [
                    0,
                    0,
                    0,
                    1
                ]
            ],
            "fov": 50,
            "aspect": 1,
            "file_path": "data/nerfstudio/10_img/images/20220823_095101.jpg"
        },
        {
            "camera_to_world": [
                [
                    0.027027426287531853,
                    -0.02036522515118122,
                    0.9994271993637085,
                    -0.07825163751840591
                ],
                [
                    0.9993535280227661,
                    -0.023161400109529495,
                    -0.027497390285134315,
                    0.5721694231033325
                ],
                [
                    0.023708123713731766,
                    0.9995242953300476,
                    0.019726065918803215,
                    0.025945043191313744
                ],
                [
                    0,
                    0,
                    0,
                    1
                ]
            ],
            "fov": 50,
            "aspect": 1,
            "file_path": "data/nerfstudio/10_img/images/20220823_095102.jpg"
        },
        {
            "camera_to_world": [
                [
                    -0.009544571861624718,
                    -0.0005349138518795371,
                    0.9999542832374573,
                    -0.09248806536197662
                ],
                [
                    0.999102771282196,
                    -0.04126939922571182,
                    0.009514367207884789,
                    0.8779802918434143
                ],
                [
                    0.0412624217569828,
                    0.999147891998291,
                    0.0009283326216973364,
                    -0.07459637522697449
                ],
                [
                    0,
                    0,
                    0,
                    1
                ]
            ],
            "fov": 50,
            "aspect": 1,
            "file_path": "data/nerfstudio/10_img/images/20220823_095102(0).jpg"
        },
        {
            "camera_to_world": [
                [
                    0.018048575147986412,
                    0.019979864358901978,
                    0.9996374845504761,
                    -0.1134912520647049
                ],
                [
                    0.9996452927589417,
                    -0.019943172112107277,
                    -0.01765011064708233,
                    0.5310205221176147
                ],
                [
                    0.019583294168114662,
                    0.9996014833450317,
                    -0.02033272385597229,
                    -0.30776143074035645
                ],
                [
                    0,
                    0,
                    0,
                    1
                ]
            ],
            "fov": 50,
            "aspect": 1,
            "file_path": "data/nerfstudio/10_img/images/20220823_095104.jpg"
        },
        {
            "camera_to_world": [
                [
                    0.03182580694556236,
                    0.016096852719783783,
                    0.9993637800216675,
                    -0.08798037469387054
                ],
                [
                    0.999271035194397,
                    -0.02160419337451458,
                    -0.031474873423576355,
                    0.19902758300304413
                ],
                [
                    0.021083801984786987,
                    0.9996370077133179,
                    -0.016772689297795296,
                    -0.282198429107666
                ],
                [
                    0,
                    0,
                    0,
                    1
                ]
            ],
            "fov": 50,
            "aspect": 1,
            "file_path": "data/nerfstudio/10_img/images/20220823_095105.jpg"
        },
        {
            "camera_to_world": [
                [
                    0.052802376449108124,
                    0.016614263877272606,
                    0.9984667897224426,
                    -0.07865389436483383
                ],
                [
                    0.9985744953155518,
                    -0.008691619150340557,
                    -0.052663445472717285,
                    -0.20417539775371552
                ],
                [
                    0.0078033278696238995,
                    0.9998241662979126,
                    -0.0170495193451643,
                    -0.29750561714172363
                ],
                [
                    0,
                    0,
                    0,
                    1
                ]
            ],
            "fov": 50,
            "aspect": 1,
            "file_path": "data/nerfstudio/10_img/images/20220823_095105(0).jpg"
        },
        {
            "camera_to_world": [
                [
                    0.08845244348049164,
                    0.016886664554476738,
                    0.9959372282028198,
                    -0.0769529864192009
                ],
                [
                    0.9960430860519409,
                    0.007154736667871475,
                    -0.08858315646648407,
                    -0.5722255110740662
                ],
                [
                    -0.00862154271453619,
                    0.9998317956924438,
                    -0.016186991706490517,
                    -0.32515236735343933
                ],
                [
                    0,
                    0,
                    0,
                    1
                ]
            ],
            "fov": 50,
            "aspect": 1,
            "file_path": "data/nerfstudio/10_img/images/20220823_095106.jpg"
        },
        {
            "camera_to_world": [
                [
                    0.11882198601961136,
                    0.023721428588032722,
                    0.9926321506500244,
                    -0.14166414737701416
                ],
                [
                    0.9921464323997498,
                    0.036505069583654404,
                    -0.11963622272014618,
                    -0.9999999403953552
                ],
                [
                    -0.03907404839992523,
                    0.9990518689155579,
                    -0.019197525456547737,
                    -0.4317493736743927
                ],
                [
                    0,
                    0,
                    0,
                    1
                ]
            ],
            "fov": 50,
            "aspect": 1,
            "file_path": "data/nerfstudio/10_img/images/20220823_095107.jpg"
        },
        {
            "camera_to_world": [
                [
                    0.10898187756538391,
                    0.01546978484839201,
                    0.9939233660697937,
                    -0.14063483476638794
                ],
                [
                    0.9939665794372559,
                    0.010759953409433365,
                    -0.10915409028530121,
                    -0.8901145458221436
                ],
                [
                    -0.01238315925002098,
                    0.9998224377632141,
                    -0.014203809201717377,
                    -0.559684157371521
                ],
                [
                    0,
                    0,
                    0,
                    1
                ]
            ],
            "fov": 50,
            "aspect": 1,
            "file_path": "data/nerfstudio/10_img/images/20220823_095108.jpg"
        },
        {
            "camera_to_world": [
                [
                    0.07318399101495743,
                    0.007322419434785843,
                    0.9972915649414062,
                    -0.14488084614276886
                ],
                [
                    0.9973140954971313,
                    -0.0034954582806676626,
                    -0.07315997779369354,
                    -0.4814937114715576
                ],
                [
                    0.002950283233076334,
                    0.999967098236084,
                    -0.007558563724160194,
                    -0.5387346744537354
                ],
                [
                    0,
                    0,
                    0,
                    1
                ]
            ],
            "fov": 50,
            "aspect": 1,
            "file_path": "data/nerfstudio/10_img/images/20220823_095108(0).jpg"
        },
        {
            "camera_to_world": [
                [
                    0.043765004724264145,
                    0.0023993635550141335,
                    0.9990389943122864,
                    -0.18069392442703247
                ],
                [
                    0.998932421207428,
                    -0.014904615469276905,
                    -0.04372454062104225,
                    -0.15682318806648254
                ],
                [
                    0.01478538103401661,
                    0.9998860359191895,
                    -0.0030491026118397713,
                    -0.4833151400089264
                ],
                [
                    0,
                    0,
                    0,
                    1
                ]
            ],
            "fov": 50,
            "aspect": 1,
            "file_path": "data/nerfstudio/10_img/images/20220823_095109.jpg"
        },
        {
            "camera_to_world": [
                [
                    0.01133071817457676,
                    0.0013903876533731818,
                    0.9999348521232605,
                    -0.20448370277881622
                ],
                [
                    0.9998342990875244,
                    -0.01426530908793211,
                    -0.01130974292755127,
                    0.17440298199653625
                ],
                [
                    0.014248654246330261,
                    0.999897301197052,
                    -0.001551793422549963,
                    -0.47751396894454956
                ],
                [
                    0,
                    0,
                    0,
                    1
                ]
            ],
            "fov": 50,
            "aspect": 1,
            "file_path": "data/nerfstudio/10_img/images/20220823_095110.jpg"
        },
        {
            "camera_to_world": [
                [
                    -0.004649531561881304,
                    0.0008427148568443954,
                    0.999988853931427,
                    -0.20463404059410095
                ],
                [
                    0.9997646808624268,
                    -0.02118544839322567,
                    0.004666342865675688,
                    0.4495921730995178
                ],
                [
                    0.021189143881201744,
                    0.999775230884552,
                    -0.0007440141635015607,
                    -0.5048191547393799
                ],
                [
                    0,
                    0,
                    0,
                    1
                ]
            ],
            "fov": 50,
            "aspect": 1,
            "file_path": "data/nerfstudio/10_img/images/20220823_095111.jpg"
        },
        {
            "camera_to_world": [
                [
                    -0.02405408024787903,
                    -0.00037021280149929225,
                    0.9997106194496155,
                    -0.27323418855667114
                ],
                [
                    0.9990214109420776,
                    -0.037136003375053406,
                    0.024023745208978653,
                    0.7059018611907959
                ],
                [
                    0.037116359919309616,
                    0.9993101358413696,
                    0.001263122889213264,
                    -0.48718661069869995
                ],
                [
                    0,
                    0,
                    0,
                    1
                ]
            ],
            "fov": 50,
            "aspect": 1,
            "file_path": "data/nerfstudio/10_img/images/20220823_095111(0).jpg"
        },
        {
            "camera_to_world": [
                [
                    0.0075071146711707115,
                    0.021337056532502174,
                    0.999744176864624,
                    -0.4544667899608612
                ],
                [
                    0.9999418258666992,
                    -0.007900874130427837,
                    -0.007339974399656057,
                    0.5235646367073059
                ],
                [
                    0.007742238696664572,
                    0.9997411370277405,
                    -0.021395128220319748,
                    -0.5788030028343201
                ],
                [
                    0,
                    0,
                    0,
                    1
                ]
            ],
            "fov": 50,
            "aspect": 1,
            "file_path": "data/nerfstudio/10_img/images/20220823_095113.jpg"
        }
    ]
}