{
    "camera_type": "perspective",
    "render_height": 567,
    "render_width": 1008,
    "seconds": 40,
    "camera_path": [
        {
            "camera_to_world": [
                [
                    0.0645393431259708,
                    -0.01593253424340729,
                    0.9977879672293276,
                    3.956473711084856
                ],
                [
                    0.9978281631686835,
                    0.014233052470648587,
                    -0.06431467176919407,
                    -0.6204900009360639
                ],
                [
                    -0.013176872781840635,
                    0.9997717612416008,
                    0.016816523235854315,
                    0.17506894407253862
                ],
                [
                    0.0,
                    0.0,
                    0.0,
                    1.0
                ]
            ],
            "fov": 50,
            "aspect": 1,
            "file_path": "./images/20220819_104221.png"
        },
        {
            "camera_to_world": [
                [
                    0.0630764351974191,
                    -0.011763695720181296,
                    0.9979393662903432,
                    4.003027548536716
                ],
                [
                    0.997490809032993,
                    0.03295231659661498,
                    -0.06265964192063128,
                    -0.4399968014247572
                ],
                [
                    -0.0321473049807349,
                    0.9993876926899269,
                    0.01381269302355276,
                    0.1592022836841563
                ],
                [
                    0.0,
                    0.0,
                    0.0,
                    1.0
                ]
            ],
            "fov": 50,
            "aspect": 1,
            "file_path": "./images/20220819_104222.png"
        },
        {
            "camera_to_world": [
                [
                    0.045646318608149855,
                    -0.005954235062812013,
                    0.9989399184578236,
                    4.060776750040899
                ],
                [
                    0.9981376553127799,
                    0.04078105330985097,
                    -0.04536658172758548,
                    -0.23571750937795538
                ],
                [
                    -0.04046769877636436,
                    0.9991503654515312,
                    0.007804651177333673,
                    0.12339451886858716
                ],
                [
                    0.0,
                    0.0,
                    0.0,
                    1.0
                ]
            ],
            "fov": 50,
            "aspect": 1,
            "file_path": "./images/20220819_104224.png"
        },
        {
            "camera_to_world": [
                [
                    0.03598108055718765,
                    0.002875310107935444,
                    0.9993483348862415,
                    4.084627931878615
                ],
                [
                    0.9983928065870736,
                    0.043710214577202824,
                    -0.036072439573739935,
                    -0.06453692153930549
                ],
                [
                    -0.043785449605372215,
                    0.9990401141793903,
                    -0.0012979481765956144,
                    0.12088055668632537
                ],
                [
                    0.0,
                    0.0,
                    0.0,
                    1.0
                ]
            ],
            "fov": 50,
            "aspect": 1,
            "file_path": "./images/20220819_104225.png"
        },
        {
            "camera_to_world": [
                [
                    0.019819746353089297,
                    0.002935388443712116,
                    0.9997992604294957,
                    4.0847156081131795
                ],
                [
                    0.9991519309541386,
                    0.03604028523954732,
                    -0.019912727348827788,
                    0.07741934724812341
                ],
                [
                    -0.036091502117910026,
                    0.9993460268299023,
                    -0.0022185897196946554,
                    0.13802026547034865
                ],
                [
                    0.0,
                    0.0,
                    0.0,
                    1.0
                ]
            ],
            "fov": 50,
            "aspect": 1,
            "file_path": "./images/20220819_104226.png"
        },
        {
            "camera_to_world": [
                [
                    0.019121428169906463,
                    -0.022628414660665938,
                    0.9995610665891659,
                    4.034780391722698
                ],
                [
                    0.9996951615835169,
                    0.01605062394349343,
                    -0.018760633718795612,
                    -0.004941691057863504
                ],
                [
                    -0.015619055389294118,
                    0.9996150920865244,
                    0.02292842750339088,
                    0.07670069303602205
                ],
                [
                    0.0,
                    0.0,
                    0.0,
                    1.0
                ]
            ],
            "fov": 50,
            "aspect": 1,
            "file_path": "./images/20220819_104228.png"
        },
        {
            "camera_to_world": [
                [
                    0.029935379596745602,
                    -0.03264760535882107,
                    0.9990185218097392,
                    3.996535070992132
                ],
                [
                    0.9995426614891348,
                    0.005260010879411402,
                    -0.029779189860798066,
                    -0.20690680598135677
                ],
                [
                    -0.004282629054971986,
                    0.9994530835192146,
                    0.03279013477396108,
                    0.09409893083961539
                ],
                [
                    0.0,
                    0.0,
                    0.0,
                    1.0
                ]
            ],
            "fov": 50,
            "aspect": 1,
            "file_path": "./images/20220819_104229.png"
        },
        {
            "camera_to_world": [
                [
                    0.05393765589588768,
                    -0.03549425198736709,
                    0.9979132664507959,
                    3.9835270159747758
                ],
                [
                    0.9984969503770671,
                    0.011649877132096297,
                    -0.0535548359208026,
                    -0.34904994089194535
                ],
                [
                    -0.009724678101325584,
                    0.9993019756033942,
                    0.0360692694292815,
                    0.11036259324441741
                ],
                [
                    0.0,
                    0.0,
                    0.0,
                    1.0
                ]
            ],
            "fov": 50,
            "aspect": 1,
            "file_path": "./images/20220819_104230.png"
        },
        {
            "camera_to_world": [
                [
                    0.06485619398272022,
                    -0.03340292098673066,
                    0.9973354094675537,
                    3.9777986290797007
                ],
                [
                    0.99787476124061,
                    0.00847629291043402,
                    -0.06460737835179794,
                    -0.5030334597445458
                ],
                [
                    -0.006295631906349721,
                    0.9994060222623402,
                    0.03388167190162622,
                    0.09993163339621726
                ],
                [
                    0.0,
                    0.0,
                    0.0,
                    1.0
                ]
            ],
            "fov": 50,
            "aspect": 1,
            "file_path": "./images/20220819_104231.png"
        },
        {
            "camera_to_world": [
                [
                    0.06346948329320919,
                    -0.025865912759605224,
                    0.9976485249093433,
                    4.005121945402581
                ],
                [
                    0.997982394813883,
                    -2.041685561444973e-05,
                    -0.06349125313536673,
                    -0.5558681477402629
                ],
                [
                    0.0016626280604844462,
                    0.9996654211017042,
                    0.025812429712601413,
                    0.08821809613626794
                ],
                [
                    0.0,
                    0.0,
                    0.0,
                    1.0
                ]
            ],
            "fov": 50,
            "aspect": 1,
            "file_path": "./images/20220819_104233.png"
        },
        {
            "camera_to_world": [
                [
                    0.05326472283638898,
                    -0.021606138683744957,
                    0.9983466552648557,
                    4.022860109957232
                ],
                [
                    0.9985727597271894,
                    -0.002765334737721407,
                    -0.05333663332656935,
                    -0.45369584736842306
                ],
                [
                    0.003913161382669789,
                    0.9997627357034018,
                    0.02142800674412096,
                    0.02064451739432556
                ],
                [
                    0.0,
                    0.0,
                    0.0,
                    1.0
                ]
            ],
            "fov": 50,
            "aspect": 1,
            "file_path": "./images/20220819_104234.png"
        },
        {
            "camera_to_world": [
                [
                    0.034109171762882126,
                    -0.019296823601995,
                    0.9992318034403763,
                    4.044852476032265
                ],
                [
                    0.9994124545676631,
                    -0.0027057953652684127,
                    -0.03416759175709871,
                    -0.278906430815119
                ],
                [
                    0.0033630427736194763,
                    0.9998101376143864,
                    0.019193193402559827,
                    0.035822107564719124
                ],
                [
                    0.0,
                    0.0,
                    0.0,
                    1.0
                ]
            ],
            "fov": 50,
            "aspect": 1,
            "file_path": "./images/20220819_104235.png"
        },
        {
            "camera_to_world": [
                [
                    0.030726813100255,
                    -0.013926887949124589,
                    0.9994307903776718,
                    4.070591314305353
                ],
                [
                    0.9995276615725747,
                    0.000991110297975639,
                    -0.030715980395192032,
                    -0.16052241166853182
                ],
                [
                    -0.0005627681312458969,
                    0.9999025249986186,
                    0.013950763405659344,
                    0.014121973169562879
                ],
                [
                    0.0,
                    0.0,
                    0.0,
                    1.0
                ]
            ],
            "fov": 50,
            "aspect": 1,
            "file_path": "./images/20220819_104237.png"
        },
        {
            "camera_to_world": [
                [
                    0.02195306087390928,
                    -0.011819021107085319,
                    0.9996891386148594,
                    4.067214489290176
                ],
                [
                    0.9997551235549975,
                    0.003044969366289646,
                    -0.021918510147601197,
                    -0.05778644875403524
                ],
                [
                    -0.00278496746882437,
                    0.9999255166800234,
                    0.01188297330507048,
                    0.031940545576759335
                ],
                [
                    0.0,
                    0.0,
                    0.0,
                    1.0
                ]
            ],
            "fov": 50,
            "aspect": 1,
            "file_path": "./images/20220819_104238.png"
        },
        {
            "camera_to_world": [
                [
                    0.005798583698038475,
                    -0.013518424260971537,
                    0.9998918084666861,
                    4.050029608911827
                ],
                [
                    0.9999825560420029,
                    0.0012025999448311475,
                    -0.005782850947009983,
                    0.0854935185921916
                ],
                [
                    -0.0011242948011595123,
                    0.9999078987412071,
                    0.013525161822581844,
                    0.058543722780767506
                ],
                [
                    0.0,
                    0.0,
                    0.0,
                    1.0
                ]
            ],
            "fov": 50,
            "aspect": 1,
            "file_path": "./images/20220819_104239.png"
        },
        {
            "camera_to_world": [
                [
                    0.01191603796878615,
                    -0.009405645713149918,
                    0.9998847642973805,
                    4.0053630027777825
                ],
                [
                    0.999926752940123,
                    0.0022327069722918465,
                    -0.01189553589369519,
                    0.04869230590833841
                ],
                [
                    -0.002120564488550997,
                    0.999953273335548,
                    0.009431561798310124,
                    0.019378540972930312
                ],
                [
                    0.0,
                    0.0,
                    0.0,
                    1.0
                ]
            ],
            "fov": 50,
            "aspect": 1,
            "file_path": "./images/20220819_104240.png"
        },
        {
            "camera_to_world": [
                [
                    0.039765357347382485,
                    -0.012549830648588235,
                    0.9991302308067301,
                    3.993889525417512
                ],
                [
                    0.9991640766090206,
                    0.009985858582275228,
                    -0.039641274480243266,
                    -0.09542450976998976
                ],
                [
                    -0.009479681908690762,
                    0.9998713839215766,
                    0.012936431186540783,
                    0.039527721248704926
                ],
                [
                    0.0,
                    0.0,
                    0.0,
                    1.0
                ]
            ],
            "fov": 50,
            "aspect": 1,
            "file_path": "./images/20220819_104242.png"
        },
        {
            "camera_to_world": [
                [
                    0.08753371636546371,
                    -0.010140420599223359,
                    0.9961099439195978,
                    4.017348361461188
                ],
                [
                    0.9958992060239072,
                    0.023838595852484774,
                    -0.08727252023823441,
                    -0.21824488009704027
                ],
                [
                    -0.02286088231577064,
                    0.999664390295079,
                    0.012185517711417277,
                    0.03014616202214062
                ],
                [
                    0.0,
                    0.0,
                    0.0,
                    1.0
                ]
            ],
            "fov": 50,
            "aspect": 1,
            "file_path": "./images/20220819_104243.png"
        },
        {
            "camera_to_world": [
                [
                    0.10689106572354902,
                    -0.006697371878962716,
                    0.9942481809309897,
                    4.020705725473345
                ],
                [
                    0.9937533225942735,
                    0.03297604041340481,
                    -0.10661573332062711,
                    -0.29203992804824125
                ],
                [
                    -0.03207232298113798,
                    0.9994337026410232,
                    0.010180379660500253,
                    0.03080322569644548
                ],
                [
                    0.0,
                    0.0,
                    0.0,
                    1.0
                ]
            ],
            "fov": 50,
            "aspect": 1,
            "file_path": "./images/20220819_104244.png"
        },
        {
            "camera_to_world": [
                [
                    0.11050045642136014,
                    -0.00602666426795344,
                    0.9938578009225741,
                    4.027009674856219
                ],
                [
                    0.9936349220668005,
                    0.02269709105249552,
                    -0.1103380428821286,
                    -0.4483257935545409
                ],
                [
                    -0.021892710660339005,
                    0.9997242226642986,
                    0.008496343000948547,
                    0.02782132686845821
                ],
                [
                    0.0,
                    0.0,
                    0.0,
                    1.0
                ]
            ],
            "fov": 50,
            "aspect": 1,
            "file_path": "./images/20220819_104246.png"
        },
        {
            "camera_to_world": [
                [
                    0.10583655707342744,
                    0.007872936364650179,
                    0.9943523721830327,
                    3.987860969342201
                ],
                [
                    0.9940119158894839,
                    0.026498387270098383,
                    -0.10601012471364214,
                    -0.3711446490836995
                ],
                [
                    -0.027183345206926144,
                    0.9996178531575259,
                    -0.005021294482836441,
                    -0.033340619819678514
                ],
                [
                    0.0,
                    0.0,
                    0.0,
                    1.0
                ]
            ],
            "fov": 50,
            "aspect": 1,
            "file_path": "./images/20220819_104247.png"
        },
        {
            "camera_to_world": [
                [
                    0.07666765217765575,
                    0.0060390863469576735,
                    0.9970384147824211,
                    4.012967859285076
                ],
                [
                    0.9969267801548513,
                    0.015678439851909195,
                    -0.07675403268813397,
                    -0.23704686123981647
                ],
                [
                    -0.016095531047089936,
                    0.9998588480211021,
                    -0.004818497733695217,
                    -0.02135624752204764
                ],
                [
                    0.0,
                    0.0,
                    0.0,
                    1.0
                ]
            ],
            "fov": 50,
            "aspect": 1,
            "file_path": "./images/20220819_104248.png"
        },
        {
            "camera_to_world": [
                [
                    0.04027998556761992,
                    0.008591549619799911,
                    0.9991514940408115,
                    4.029249804221326
                ],
                [
                    0.9991267571049767,
                    0.010763900582083664,
                    -0.0403715454392333,
                    -0.09089116770881703
                ],
                [
                    -0.011101621484164836,
                    0.9999051573652233,
                    -0.008150477350039625,
                    -0.02083360774283329
                ],
                [
                    0.0,
                    0.0,
                    0.0,
                    1.0
                ]
            ],
            "fov": 50,
            "aspect": 1,
            "file_path": "./images/20220819_104249.png"
        },
        {
            "camera_to_world": [
                [
                    0.009632917678125671,
                    0.006414866789741856,
                    0.9999330259508681,
                    4.018467070839892
                ],
                [
                    0.999936124232019,
                    0.005850577627922183,
                    -0.009670480715469361,
                    0.04559116790581569
                ],
                [
                    -0.0059122206366311846,
                    0.9999623094055456,
                    -0.006358098902539964,
                    0.007904417115246228
                ],
                [
                    0.0,
                    0.0,
                    0.0,
                    1.0
                ]
            ],
            "fov": 50,
            "aspect": 1,
            "file_path": "./images/20220819_104251.png"
        },
        {
            "camera_to_world": [
                [
                    -0.016679453815562646,
                    0.003340113102652918,
                    0.9998553092678255,
                    3.9663102939074597
                ],
                [
                    0.9996884810850161,
                    -0.018513854187925862,
                    0.01673851812562276,
                    0.11335722801183143
                ],
                [
                    0.01856708394851842,
                    0.9998230247667588,
                    -0.003030271618367744,
                    0.047668249737786265
                ],
                [
                    0.0,
                    0.0,
                    0.0,
                    1.0
                ]
            ],
            "fov": 50,
            "aspect": 1,
            "file_path": "./images/20220819_104252.png"
        },
        {
            "camera_to_world": [
                [
                    -0.019347821075941664,
                    0.03429729409949068,
                    0.9992243779268246,
                    3.974630288938536
                ],
                [
                    0.9996160062273078,
                    -0.01916534796044328,
                    0.02001323391465001,
                    0.09495269246876271
                ],
                [
                    0.019836882662977715,
                    0.9992278944571098,
                    -0.03391331642893953,
                    -0.04966822212168899
                ],
                [
                    0.0,
                    0.0,
                    0.0,
                    1.0
                ]
            ],
            "fov": 50,
            "aspect": 1,
            "file_path": "./images/20220819_104253.png"
        },
        {
            "camera_to_world": [
                [
                    0.019734752196024295,
                    0.03396687447606633,
                    0.9992280975834656,
                    3.9669479733423647
                ],
                [
                    0.9996059143987773,
                    -0.020626540463581512,
                    -0.019041053738914147,
                    -0.07720621661016196
                ],
                [
                    0.019963853704911196,
                    0.9992100866549596,
                    -0.034360548284626896,
                    -0.033057561134267395
                ],
                [
                    0.0,
                    0.0,
                    0.0,
                    1.0
                ]
            ],
            "fov": 50,
            "aspect": 1,
            "file_path": "./images/20220819_104254.png"
        },
        {
            "camera_to_world": [
                [
                    0.06449541840181948,
                    0.03004286315472184,
                    0.9974656722839257,
                    3.992435836889689
                ],
                [
                    0.9978984354926151,
                    -0.00820110676134458,
                    -0.06427638982768,
                    -0.2152004975787794
                ],
                [
                    0.0062492756855042735,
                    0.9995149664850137,
                    -0.03050865995174665,
                    -0.03664478360409002
                ],
                [
                    0.0,
                    0.0,
                    0.0,
                    1.0
                ]
            ],
            "fov": 50,
            "aspect": 1,
            "file_path": "./images/20220819_104256.png"
        },
        {
            "camera_to_world": [
                [
                    0.08760064281280941,
                    0.0331507290531437,
                    0.995603915494616,
                    4.01520906870989
                ],
                [
                    0.9961555664161011,
                    -0.0033803114502702976,
                    -0.08753662657834176,
                    -0.29833592554727073
                ],
                [
                    0.00046354832555556096,
                    0.9994446471235551,
                    -0.03331940073299233,
                    -0.059210198940303375
                ],
                [
                    0.0,
                    0.0,
                    0.0,
                    1.0
                ]
            ],
            "fov": 50,
            "aspect": 1,
            "file_path": "./images/20220819_104257.png"
        },
        {
            "camera_to_world": [
                [
                    0.10096416376338356,
                    0.03321042084770397,
                    0.9943356101381776,
                    4.0077149970915675
                ],
                [
                    0.9948311303117504,
                    -0.014248293156528301,
                    -0.10053859112187194,
                    -0.4128481976214438
                ],
                [
                    0.010828656346631582,
                    0.9993468137215556,
                    -0.03447732751365473,
                    -0.05380155474416992
                ],
                [
                    0.0,
                    0.0,
                    0.0,
                    1.0
                ]
            ],
            "fov": 50,
            "aspect": 1,
            "file_path": "./images/20220819_104258.png"
        },
        {
            "camera_to_world": [
                [
                    0.08356389901067779,
                    0.023532303880716303,
                    0.9962245256278235,
                    3.974260694833759
                ],
                [
                    0.9964947002014205,
                    -0.005908666821322009,
                    -0.08344698992100144,
                    -0.34013640013359886
                ],
                [
                    0.003922658876412295,
                    0.9997056158373039,
                    -0.02394356733820788,
                    -0.08973388050422555
                ],
                [
                    0.0,
                    0.0,
                    0.0,
                    1.0
                ]
            ],
            "fov": 50,
            "aspect": 1,
            "file_path": "./images/20220819_104300.png"
        },
        {
            "camera_to_world": [
                [
                    0.0459623841544466,
                    0.009213706523084779,
                    0.9989006791774286,
                    3.951294262033618
                ],
                [
                    0.9985751978818663,
                    -0.027562803585620504,
                    -0.04569317272516521,
                    -0.1687330986702676
                ],
                [
                    0.02711149973811209,
                    0.9995776105319611,
                    -0.010467430981290732,
                    -0.07974559746138596
                ],
                [
                    0.0,
                    0.0,
                    0.0,
                    1.0
                ]
            ],
            "fov": 50,
            "aspect": 1,
            "file_path": "./images/20220819_104301.png"
        },
        {
            "camera_to_world": [
                [
                    0.009903516753701493,
                    0.008131750271047327,
                    0.9999178941291237,
                    3.9427602237714905
                ],
                [
                    0.9992778651509552,
                    -0.03676442425370584,
                    -0.009598194030296816,
                    -0.0563235888162353
                ],
                [
                    0.0366833555617278,
                    0.9992908744469737,
                    -0.008489975142329699,
                    -0.07054642055415045
                ],
                [
                    0.0,
                    0.0,
                    0.0,
                    1.0
                ]
            ],
            "fov": 50,
            "aspect": 1,
            "file_path": "./images/20220819_104302.png"
        },
        {
            "camera_to_world": [
                [
                    0.001042718066662383,
                    0.001241991601942186,
                    0.9999986851001742,
                    3.9316690278787814
                ],
                [
                    0.9985691748774501,
                    -0.053466369854608134,
                    -0.0009748226188867447,
                    0.02936942269271202
                ],
                [
                    0.05346508883018168,
                    0.9985688783241726,
                    -0.0012959648789624327,
                    -0.05477155225172897
                ],
                [
                    0.0,
                    0.0,
                    0.0,
                    1.0
                ]
            ],
            "fov": 50,
            "aspect": 1,
            "file_path": "./images/20220819_104303.png"
        },
        {
            "camera_to_world": [
                [
                    -0.011017354598409815,
                    -0.0008393935730015261,
                    0.9999389547978745,
                    3.9009092138029557
                ],
                [
                    0.9984520162299478,
                    -0.05453031231160229,
                    0.010955196280804191,
                    0.11954100087804041
                ],
                [
                    0.054517787776316176,
                    0.9985117628069252,
                    0.0014388739924727303,
                    -0.05077747521602706
                ],
                [
                    0.0,
                    0.0,
                    0.0,
                    1.0
                ]
            ],
            "fov": 50,
            "aspect": 1,
            "file_path": "./images/20220819_104305.png"
        },
        {
            "camera_to_world": [
                [
                    0.00022515240750050898,
                    0.01678495319781271,
                    0.9998590974025908,
                    3.887041419384975
                ],
                [
                    0.9988582684942519,
                    -0.04776846823668123,
                    0.0005769774574214795,
                    0.06444736451560741
                ],
                [
                    0.047771422075051424,
                    0.9987173968619139,
                    -0.016776544473550436,
                    -0.12341046623637487
                ],
                [
                    0.0,
                    0.0,
                    0.0,
                    1.0
                ]
            ],
            "fov": 50,
            "aspect": 1,
            "file_path": "./images/20220819_104306.png"
        },
        {
            "camera_to_world": [
                [
                    0.0565203198878682,
                    0.01515312587740606,
                    0.9982864499842216,
                    3.898732140339003
                ],
                [
                    0.9980670457315451,
                    -0.026734385997798368,
                    -0.056102092920196876,
                    -0.060256485332754156
                ],
                [
                    0.025838453214244335,
                    0.9995277161678123,
                    -0.01663487162666226,
                    -0.10297572327412216
                ],
                [
                    0.0,
                    0.0,
                    0.0,
                    1.0
                ]
            ],
            "fov": 50,
            "aspect": 1,
            "file_path": "./images/20220819_104307.png"
        },
        {
            "camera_to_world": [
                [
                    0.08521771723938912,
                    0.012569411878330973,
                    0.9962830674862057,
                    3.8640534080492097
                ],
                [
                    0.9962824383156259,
                    -0.01373920757726619,
                    -0.08504432537812279,
                    -0.2101130768435699
                ],
                [
                    0.012619182716316053,
                    0.9998266070006157,
                    -0.013693508220749774,
                    -0.09548042532391088
                ],
                [
                    0.0,
                    0.0,
                    0.0,
                    1.0
                ]
            ],
            "fov": 50,
            "aspect": 1,
            "file_path": "./images/20220819_104308.png"
        },
        {
            "camera_to_world": [
                [
                    0.109415981277102,
                    0.010642884081322928,
                    0.9939390685881018,
                    3.867762231182816
                ],
                [
                    0.9938940017354142,
                    -0.015499388224276104,
                    -0.10924505608510598,
                    -0.36403261588401065
                ],
                [
                    0.014242765026950968,
                    0.9998232333714226,
                    -0.01227377942134617,
                    -0.0942657970614762
                ],
                [
                    0.0,
                    0.0,
                    0.0,
                    1.0
                ]
            ],
            "fov": 50,
            "aspect": 1,
            "file_path": "./images/20220819_104310.png"
        },
        {
            "camera_to_world": [
                [
                    0.13582885939436046,
                    0.00950862947260236,
                    0.9906866845412643,
                    3.8790270454175118
                ],
                [
                    0.9907006830234237,
                    0.0066870229166583785,
                    -0.13589496083900243,
                    -0.4549681205902996
                ],
                [
                    -0.007916919392567636,
                    0.9999324325654447,
                    -0.008511915017610224,
                    -0.09739676751275626
                ],
                [
                    0.0,
                    0.0,
                    0.0,
                    1.0
                ]
            ],
            "fov": 50,
            "aspect": 1,
            "file_path": "./images/20220819_104311.png"
        }
    ]
}