[
    {
        "file_path": "data/nerfstudio/10_img/images/20220823_095053.jpg",
        "transform": [
            [
                0.06271658837795258,
                -0.016863906756043434,
                0.9978888630867004,
                0.0726916640996933
            ],
            [
                0.9979070425033569,
                0.016841627657413483,
                -0.062433112412691116,
                0.4047079086303711
            ],
            [
                -0.015753207728266716,
                0.9997159242630005,
                0.017884859815239906,
                0.2942773401737213
            ]
        ]
    },
    {
        "file_path": "data/nerfstudio/10_img/images/20220823_095103.jpg",
        "transform": [
            [
                -0.004863887559622526,
                0.022214584052562714,
                0.9997413754463196,
                -0.09830484539270401
            ],
            [
                0.9997949004173279,
                -0.019546261057257652,
                0.005298472475260496,
                0.8856204748153687
            ],
            [
                0.019658910110592842,
                0.99956214427948,
                -0.022114958614110947,
                -0.27170026302337646
            ]
        ]
    },
    {
        "file_path": "data/nerfstudio/10_img/images/20220823_095112.jpg",
        "transform": [
            [
                -0.03369152545928955,
                0.02410965785384178,
                0.9991414546966553,
                -0.3808836042881012
            ],
            [
                0.9990576505661011,
                -0.026556389406323433,
                0.03432951867580414,
                0.8527328372001648
            ],
            [
                0.02736126258969307,
                0.9993565082550049,
                -0.023192213848233223,
                -0.6251199841499329
            ]
        ]
    }
]